GeneID	OCV1a	OCV2a	OCV3a	OCV1b	OCV2b	OCV3b
FL622_00005	2	1	2	0	0	0
FL622_00010	1	0	3	0	1	0
FL622_00020	0	0	0	1	1	0
FL622_00030	1	4	0	1	2	1
FL622_00035	2	3	2	2	8	3
FL622_00040	0	0	0	1	0	0
FL622_00045	1	0	0	0	1	0
FL622_00050	0	1	0	1	3	4
FL622_00055	2	1	0	3	4	1
FL622_00060	32	13	9	56	36	32
FL622_00065	3	1	2	6	7	1
FL622_00070	0	0	2	5	0	1
FL622_00075	0	2	0	3	4	1
FL622_00080	1	0	0	1	0	0
FL622_00085	0	3	0	1	1	2
FL622_00090	1	2	2	4	4	2
FL622_00095	0	0	0	1	1	2
FL622_00100	0	0	1	1	1	0
FL622_00105	0	0	1	0	0	0
FL622_00115	0	0	0	0	1	0
FL622_00120	1	0	0	8	6	9
FL622_00125	1	6	4	8	7	4
FL622_00130	0	1	1	8	8	6
FL622_00135	0	0	1	0	0	1
FL622_00140	0	0	5	12	8	0
FL622_00145	2	1	3	5	1	1
FL622_00150	0	0	0	0	1	0
FL622_00155	0	0	0	0	0	0
FL622_00160	0	1	3	1	1	1
FL622_00165	0	1	0	0	0	1
FL622_00170	0	1	1	0	0	0
FL622_00175	1	4	2	4	6	8
FL622_00180	0	0	0	3	6	3
FL622_00185	4	3	5	5	2	1
FL622_00190	13	17	30	23	31	12
FL622_00195	3	2	4	4	10	0
FL622_00200	2	0	1	4	2	2
FL622_00205	2	1	0	7	3	1
FL622_00210	0	0	0	2	4	2
FL622_00215	1	1	1	0	3	0
FL622_00220	14	8	15	8	14	6
FL622_00225	0	0	1	5	4	1
FL622_00230	2	0	2	26	24	30
FL622_00235	13	10	13	67	81	58
FL622_00240	0	1	1	7	6	2
FL622_00245	5	3	14	0	4	4
FL622_00250	2	2	0	1	1	0
FL622_00255	0	0	0	0	0	0
FL622_00260	0	0	0	1	1	0
FL622_00265	7	3	0	1	0	1
FL622_00270	0	0	1	0	0	0
FL622_00275	0	0	0	0	0	0
FL622_00280	0	0	1	0	1	0
FL622_00285	212	218	393	430	469	515
FL622_00290	3	4	7	17	7	10
FL622_00295	1	3	0	9	7	5
FL622_00300	8	8	18	12	8	6
FL622_00305	2	1	1	2	0	4
FL622_00310	0	0	0	4	1	1
FL622_00315	0	2	0	5	4	4
FL622_00320	0	1	3	8	11	9
FL622_00325	5	2	13	7	10	7
FL622_00330	2	0	0	1	4	0
FL622_00335	0	0	1	1	2	0
FL622_00340	3	1	4	0	1	1
FL622_00345	4	3	10	1	4	2
FL622_00350	0	0	1	0	0	0
FL622_00355	0	0	0	2	4	2
FL622_00360	2	1	4	9	4	4
FL622_00365	1	1	1	5	5	3
FL622_00370	2	1	4	4	1	5
FL622_00375	1	0	0	3	1	1
FL622_00380	0	1	1	3	4	2
FL622_00385	2	1	0	13	7	10
FL622_00390	1	0	2	7	4	2
FL622_00395	0	0	0	1	1	1
FL622_00400	1	0	0	0	0	0
FL622_00405	0	1	0	4	2	2
FL622_00410	3	2	1	11	3	1
FL622_00415	31	43	42	4	7	6
FL622_00420	0	0	0	0	2	0
FL622_00425	1	5	7	6	7	8
FL622_00430	2	7	6	12	3	2
FL622_00435	0	1	1	2	1	2
FL622_00440	3	3	10	4	4	3
FL622_00445	4	8	3	1	0	3
FL622_00450	12	11	16	5	12	5
FL622_00455	3	4	5	1	0	0
FL622_00460	4	4	5	0	3	0
FL622_00465	0	5	2	8	7	5
FL622_00470	2	1	0	3	1	1
FL622_00475	1	5	5	13	8	4
FL622_00480	6	13	8	16	23	14
FL622_00485	1	3	4	22	16	12
FL622_00490	4	4	7	4	5	2
FL622_00495	0	3	2	1	2	1
FL622_00500	2	0	3	0	0	2
FL622_00505	7	2	8	5	8	3
FL622_00510	1	2	2	0	1	0
FL622_00515	0	1	1	0	1	1
FL622_00520	0	0	0	0	0	0
FL622_00525	0	0	0	0	0	0
FL622_00530	1	0	0	0	0	0
FL622_00535	0	0	0	0	0	0
FL622_00540	0	0	1	1	2	1
FL622_00545	0	1	1	4	1	0
FL622_00550	1	1	0	7	3	4
FL622_00555	0	4	4	18	9	10
FL622_00560	2	0	3	0	0	3
FL622_00565	0	0	0	1	1	0
FL622_00570	0	0	0	3	1	0
FL622_00575	6	15	12	4	3	0
FL622_00580	10	11	17	2	4	2
FL622_00585	0	1	5	1	3	0
FL622_00595	5	5	9	12	7	6
FL622_00600	1	2	1	0	0	1
FL622_00610	3	2	7	3	4	2
FL622_00615	2	2	3	0	0	0
FL622_00620	1	2	8	6	3	0
FL622_00625	8	5	6	7	8	5
FL622_00630	8	7	12	4	4	2
FL622_00635	1	1	2	1	2	1
FL622_00640	0	1	0	0	4	0
FL622_00645	2	1	3	11	5	0
FL622_00650	7	8	11	9	27	15
FL622_00655	0	0	0	0	0	0
FL622_00660	1	1	0	0	0	0
FL622_00665	0	1	0	0	0	0
FL622_00670	0	1	1	2	1	0
FL622_00675	3	3	6	2	1	2
FL622_00680	0	0	0	1	0	0
FL622_00685	1	0	0	0	0	0
FL622_00690	1	5	5	0	0	0
FL622_00695	1	1	0	4	2	0
FL622_00700	116	187	238	17	22	19
FL622_00705	1	8	9	0	0	2
FL622_00710	3	5	12	0	1	0
FL622_00715	2	5	4	2	0	1
FL622_00725	0	1	1	1	0	0
FL622_00730	1	0	1	2	1	0
FL622_00735	2	1	2	8	5	5
FL622_00740	26	24	39	39	44	38
FL622_00745	23	16	41	45	42	38
FL622_00750	7	6	6	3	7	7
FL622_00755	1	2	3	6	3	0
FL622_00760	5	5	0	5	2	4
FL622_00765	5	6	12	8	5	2
FL622_00770	0	3	3	0	1	0
FL622_00775	1	2	7	0	4	3
FL622_00780	1	0	3	3	2	1
FL622_00785	0	1	0	5	6	3
FL622_00790	0	2	2	0	3	0
FL622_00795	1	3	0	5	4	4
FL622_00800	1	1	0	1	4	1
FL622_00805	0	0	1	0	1	0
FL622_00810	0	0	2	1	3	3
FL622_00815	0	1	0	0	0	0
FL622_00820	0	0	0	0	0	0
FL622_00825	0	0	1	0	0	0
FL622_00830	0	0	0	0	0	0
FL622_00835	4	1	3	1	1	2
FL622_00840	0	0	0	0	0	1
FL622_00845	0	0	1	1	1	1
FL622_00850	3	3	2	2	1	1
FL622_00855	0	0	0	3	0	1
FL622_00860	5	2	9	0	0	0
FL622_00865	0	1	0	1	1	0
FL622_00870	4	1	3	3	3	2
FL622_00875	2	3	1	6	2	6
FL622_00880	0	1	4	1	9	4
FL622_00885	2	0	0	2	2	2
FL622_00890	0	0	0	1	1	0
FL622_00895	0	1	0	6	8	4
FL622_00900	0	1	0	4	3	5
FL622_00905	7	4	3	9	11	10
FL622_00910	2	6	4	1	9	9
FL622_00915	0	0	0	0	0	0
FL622_00920	0	1	0	1	2	0
FL622_00925	0	0	2	0	1	0
FL622_00930	0	1	0	2	0	2
FL622_00935	2	1	7	3	3	2
FL622_00940	0	2	1	2	1	1
FL622_00945	6	3	5	0	1	1
FL622_00950	1	3	2	0	1	0
FL622_00955	2	2	4	31	75	20
FL622_00960	1	0	1	0	0	0
FL622_00965	0	0	0	1	1	0
FL622_00970	0	0	1	0	0	1
FL622_00975	0	2	2	2	0	1
FL622_00980	1	1	3	0	0	1
FL622_00985	0	2	2	3	0	0
FL622_00990	0	1	2	0	1	0
FL622_00995	1	2	2	3	2	3
FL622_01000	1	3	2	2	2	1
FL622_01005	4	4	14	13	18	19
FL622_01010	1	0	3	0	2	0
FL622_01015	13	33	31	0	2	0
FL622_01020	0	0	1	0	1	1
FL622_01025	0	0	0	0	0	0
FL622_01030	1	3	6	5	6	2
FL622_01035	1	7	6	5	4	4
FL622_01040	0	1	5	1	0	0
FL622_01045	0	0	2	1	0	0
FL622_01050	2	0	0	4	2	1
FL622_01055	0	2	1	2	3	2
FL622_01060	0	0	0	0	1	0
FL622_01065	1	1	2	1	0	1
FL622_01070	1	3	1	1	0	0
FL622_01075	0	0	0	0	0	0
FL622_01080	18	32	40	33	30	31
FL622_01085	6	12	7	11	5	9
FL622_01090	0	3	2	4	6	2
FL622_01095	1	2	2	0	0	1
FL622_01100	18	12	34	12	5	13
FL622_01105	7	8	4	1	4	6
FL622_01110	1	2	1	4	3	1
FL622_01115	0	0	0	0	1	0
FL622_01120	0	0	0	3	0	0
FL622_01125	1	9	12	9	8	7
FL622_01130	2	2	5	2	3	2
FL622_01135	0	0	0	12	3	3
FL622_01140	3	1	2	17	7	6
FL622_01145	2	4	3	11	9	9
FL622_01150	10	13	20	35	27	26
FL622_01155	4	7	9	10	10	10
FL622_01160	3	6	10	38	15	23
FL622_01165	7	10	5	12	6	9
FL622_01170	8	5	6	12	6	9
FL622_01175	4	6	10	14	12	7
FL622_01180	2	5	6	18	15	17
FL622_01185	3	14	10	16	16	12
FL622_01190	1	3	7	23	30	14
FL622_01195	7	11	13	3	2	4
FL622_01200	1	10	5	3	1	5
FL622_01205	7	12	13	2	8	4
FL622_01210	8	11	10	6	6	2
FL622_01215	1	0	0	3	1	0
FL622_01220	3	3	5	2	1	0
FL622_01225	10	13	10	1	3	4
FL622_01230	1	2	1	1	0	1
FL622_01235	0	0	2	1	0	0
FL622_01245	33	59	53	12	13	11
FL622_01250	4	12	19	4	8	5
FL622_01255	12	18	27	10	7	0
FL622_01260	41	56	82	10	9	8
FL622_01265	1	3	7	1	3	1
FL622_01270	4	7	9	3	6	2
FL622_01275	52	42	45	10	6	6
FL622_01280	24	35	43	5	13	9
FL622_01285	4	5	5	5	2	2
FL622_01290	0	3	3	3	2	2
FL622_01295	2	3	1	0	1	0
FL622_01300	0	1	3	2	2	0
FL622_01305	7	12	18	5	4	1
FL622_01310	1	2	4	0	0	3
FL622_01320	0	0	0	1	2	1
FL622_01325	1	2	1	1	2	2
FL622_01335	0	2	0	1	3	0
FL622_01340	0	2	2	1	0	0
FL622_01345	0	4	1	0	1	1
FL622_01350	0	3	3	0	1	0
FL622_01355	8	13	21	1	1	2
FL622_01360	23	21	13	33	24	12
FL622_01365	2	4	2	3	2	2
FL622_01370	2	6	7	8	4	3
FL622_01375	1	1	1	3	3	3
FL622_01380	5	4	8	7	9	4
FL622_01385	4	4	5	13	15	13
FL622_01390	4	2	5	1	1	0
FL622_01395	0	0	11	2	1	1
FL622_01400	0	0	0	0	0	0
FL622_01405	0	1	2	1	0	0
FL622_01410	2	0	3	1	0	2
FL622_01415	0	0	0	0	1	0
FL622_01420	2	2	2	5	2	5
FL622_01425	6	10	13	3	3	1
FL622_01430	13	19	24	0	1	1
FL622_01435	5	5	3	4	3	5
FL622_01440	13	23	23	15	11	27
FL622_01445	14	13	16	15	21	15
FL622_01450	0	0	1	1	1	0
FL622_01455	3	0	3	0	0	0
FL622_01460	2	0	4	6	2	6
FL622_01465	5	6	9	5	4	2
FL622_01470	3	2	2	0	0	3
FL622_01475	6	1	9	0	2	1
FL622_01480	1	2	0	3	0	1
FL622_01485	2	1	2	2	0	2
FL622_01490	1	0	4	3	3	1
FL622_01495	0	1	2	3	2	1
FL622_01500	9	8	10	8	6	9
FL622_01505	1	1	2	4	9	1
FL622_01510	0	0	0	2	3	0
FL622_01520	3	3	10	3	4	2
FL622_01525	3	7	5	0	2	1
FL622_01530	6	7	11	2	0	0
FL622_01535	2	1	0	1	1	0
FL622_01540	1	6	9	5	3	0
FL622_01545	3	3	1	0	0	0
FL622_01550	5	11	25	0	3	1
FL622_01555	0	4	2	4	3	2
FL622_01560	0	0	0	1	4	1
FL622_01565	4	3	6	8	5	5
FL622_01570	72	45	56	34	44	32
FL622_01575	0	2	3	4	0	0
FL622_01580	2	3	2	2	4	1
FL622_01590	0	1	3	0	0	0
FL622_01595	1	0	1	0	0	2
FL622_01600	0	1	6	0	0	0
FL622_01605	0	0	2	0	0	0
FL622_01610	0	3	2	0	2	1
FL622_01615	0	0	1	6	1	2
FL622_01620	0	1	1	1	2	0
FL622_01625	0	1	2	8	6	1
FL622_01630	6	10	18	64	46	56
FL622_01635	1	0	2	1	1	0
FL622_01640	0	0	1	0	0	0
FL622_01645	1	1	3	2	1	0
FL622_01650	0	1	2	0	2	0
FL622_01655	1	0	2	0	0	1
FL622_01660	0	0	0	0	0	0
FL622_01665	1	1	0	1	3	0
FL622_01670	1	0	0	0	0	0
FL622_01675	5	6	11	19	10	8
FL622_01685	0	1	0	0	0	0
FL622_01690	16	23	34	6	6	4
FL622_01695	2	2	4	8	12	5
FL622_01700	6	2	9	5	4	3
FL622_01705	1	3	2	13	9	5
FL622_01710	2	3	1	0	2	0
FL622_01715	4	3	3	1	2	0
FL622_01720	1	2	2	2	2	2
FL622_01725	10	7	13	19	13	10
FL622_01730	1	2	1	2	2	2
FL622_01735	0	0	3	1	1	0
FL622_01740	0	1	3	1	0	3
FL622_01745	0	2	0	0	0	2
FL622_01750	0	1	1	0	0	0
FL622_01755	2	2	3	0	1	0
FL622_01760	3	9	6	1	5	1
FL622_01765	0	1	3	0	1	1
FL622_01785	9	1	4	1	0	1
FL622_01790	14	19	9	10	9	7
FL622_01795	3	7	3	12	2	4
FL622_01800	0	1	1	5	3	5
FL622_01805	0	0	0	5	2	2
FL622_01810	2	0	1	0	0	3
FL622_01815	0	0	0	4	4	0
FL622_01820	1	1	0	6	1	7
FL622_01825	0	2	0	2	4	5
FL622_01830	1	1	1	1	2	1
FL622_01835	1	3	3	6	5	9
FL622_01840	0	0	0	1	2	1
FL622_01845	2	6	6	3	6	1
FL622_01850	5	7	11	17	11	17
FL622_01855	0	0	0	2	1	2
FL622_01860	1	0	1	0	0	2
FL622_01865	0	0	0	0	0	0
FL622_01875	0	0	0	0	0	0
FL622_01880	0	0	0	1	1	0
FL622_01885	0	0	0	0	0	0
FL622_01890	0	1	0	1	0	0
FL622_01895	0	0	0	1	0	0
FL622_01900	0	0	0	0	0	0
FL622_01905	0	0	0	0	0	0
FL622_01915	0	0	0	0	0	3
FL622_01920	0	0	0	4	1	1
FL622_01925	0	0	0	2	1	3
FL622_01930	0	0	0	0	0	0
FL622_01935	0	0	0	1	0	0
FL622_01940	134	97	80	108	97	163
FL622_01945	2	0	2	3	6	4
FL622_01950	0	0	0	0	0	0
FL622_01955	0	0	0	0	1	0
FL622_01960	5	3	8	20	15	13
FL622_01965	2	0	1	7	4	6
FL622_01970	3	6	10	19	11	9
FL622_01975	0	1	0	5	1	5
FL622_01980	0	0	1	3	7	3
FL622_01985	0	0	0	0	0	0
FL622_01990	7	7	17	5	4	3
FL622_01995	4	5	11	11	7	3
FL622_02000	1	4	0	1	0	0
FL622_02005	1	1	4	8	2	3
FL622_02010	1	4	4	1	2	1
FL622_02015	8	7	5	0	0	2
FL622_02020	6	12	7	6	6	5
FL622_02025	0	2	2	2	1	0
FL622_02030	0	0	2	3	0	0
FL622_02035	0	0	1	0	0	0
FL622_02045	0	1	1	2	0	1
FL622_02050	12	3	10	76	48	42
FL622_02055	3	0	3	25	25	21
FL622_02060	5	9	9	88	74	47
FL622_02065	0	0	0	10	3	4
FL622_02070	8	7	11	59	39	51
FL622_02075	0	0	0	3	1	0
FL622_02080	0	0	1	2	1	0
FL622_02085	1	1	4	2	0	2
FL622_02090	2	4	10	2	4	0
FL622_02095	13	22	20	5	4	2
FL622_02100	1	5	3	3	4	1
FL622_02105	11	9	10	5	6	7
FL622_02110	4	7	5	2	4	3
FL622_02115	130	69	129	30	49	31
FL622_02120	5	1	1	5	3	0
FL622_02125	0	3	1	2	4	1
FL622_02130	1	0	1	1	0	0
FL622_02135	0	4	0	1	4	2
FL622_02140	1	3	0	1	2	0
FL622_02145	0	0	0	1	0	0
FL622_02150	1	1	0	0	1	0
FL622_02155	0	0	1	1	0	0
FL622_02160	1	1	1	0	0	0
FL622_02170	0	2	2	0	0	0
FL622_02175	0	0	0	2	2	0
FL622_02180	1	2	1	0	2	0
FL622_02185	2	1	2	2	1	1
FL622_02190	0	0	0	0	0	0
FL622_02195	2	3	6	2	2	1
FL622_02200	0	1	2	1	0	0
FL622_02205	5	8	14	21	16	9
FL622_02210	1	2	2	0	1	0
FL622_02225	2	0	4	6	4	3
FL622_02230	1	2	3	5	3	2
FL622_02235	2	4	3	2	2	0
FL622_02240	3	6	5	11	22	17
FL622_02245	0	0	0	0	0	1
FL622_02250	0	0	1	1	0	1
FL622_02255	0	1	1	0	0	0
FL622_02260	0	1	0	1	0	1
FL622_02265	2	2	2	1	1	0
FL622_02270	2	2	6	1	1	2
FL622_02275	0	5	2	4	5	3
FL622_02280	2	1	2	3	2	2
FL622_02285	0	0	0	1	1	0
FL622_02290	0	2	1	0	1	1
FL622_02295	0	1	0	2	2	0
FL622_02300	0	2	0	0	3	0
FL622_02305	4	5	5	1	2	3
FL622_02310	16	15	13	1	1	1
FL622_02315	2	8	15	1	3	0
FL622_02320	2	3	3	2	3	0
FL622_02325	0	0	2	0	1	0
FL622_02330	0	2	7	1	0	1
FL622_02335	6	9	7	5	6	6
FL622_02340	0	1	0	3	2	1
FL622_02345	0	1	0	0	0	0
FL622_02350	0	0	0	0	0	0
FL622_02355	2	0	5	2	4	3
FL622_02360	2	5	1	1	1	2
FL622_02365	5	3	4	6	15	5
FL622_02370	3	1	1	21	12	9
FL622_02375	0	0	0	0	2	0
FL622_02380	0	0	1	0	0	0
FL622_02385	0	1	1	0	2	1
FL622_02390	1	1	1	0	1	1
FL622_02395	0	1	0	0	0	0
FL622_02400	0	1	2	0	3	0
FL622_02405	3	2	7	0	2	1
FL622_02410	1	0	0	0	0	0
FL622_02415	1	1	0	0	1	0
FL622_02420	2	3	1	2	0	1
FL622_02425	2	6	5	2	2	1
FL622_02430	0	2	2	0	1	0
FL622_02435	0	1	0	1	1	1
FL622_02440	14	23	32	6	30	10
FL622_02445	50	72	84	14	27	10
FL622_02450	2	0	4	1	10	2
FL622_02455	4	11	11	27	36	21
FL622_02460	5	8	11	2	0	0
FL622_02465	2	3	8	3	1	2
FL622_02470	17	21	28	12	16	7
FL622_02475	1	0	7	0	1	2
FL622_02480	9	24	20	13	9	9
FL622_02485	4	5	6	0	0	1
FL622_02490	15	25	41	10	15	7
FL622_02495	7	24	21	15	12	10
FL622_02500	5	10	15	1	3	4
FL622_02505	7	7	19	5	6	6
FL622_02510	83	104	129	10	19	9
FL622_02515	11	8	10	2	0	0
FL622_02520	4	6	10	0	0	0
FL622_02525	1	0	2	6	6	7
FL622_02535	4	10	12	8	8	11
FL622_02540	1	0	2	4	6	0
FL622_02545	1	3	0	1	2	0
FL622_02550	8	15	10	7	10	1
FL622_02555	3	0	1	4	1	1
FL622_02560	16	5	11	20	19	16
FL622_02565	2	1	6	0	4	0
FL622_02570	1	2	1	2	2	2
FL622_02575	2	4	4	2	1	0
FL622_02580	1	2	3	3	2	1
FL622_02585	1	3	3	4	6	2
FL622_02590	4	9	8	7	13	9
FL622_02595	5	3	5	7	9	3
FL622_02600	28	36	56	25	46	36
FL622_02605	15	21	24	12	26	9
FL622_02610	2	6	9	16	11	5
FL622_02615	3	6	9	12	7	6
FL622_02620	11	24	29	15	10	6
FL622_02625	0	4	2	3	6	1
FL622_02630	2	1	5	3	1	0
FL622_02635	0	4	1	0	1	2
FL622_02640	5	13	10	4	2	2
FL622_02645	0	0	1	1	0	2
FL622_02650	0	0	0	0	0	0
FL622_02655	4	2	4	4	4	2
FL622_02660	27	13	17	5	8	5
FL622_02675	8	8	11	5	0	5
FL622_02680	4	8	14	32	26	19
FL622_02685	1	0	3	0	1	2
FL622_02700	4	2	3	5	4	1
FL622_02705	2	1	1	3	3	1
FL622_02710	1	1	0	5	0	1
FL622_02715	1	0	0	0	0	0
FL622_02720	10	15	25	25	24	13
FL622_02725	11	10	29	2	6	4
FL622_02730	5	4	2	8	3	4
FL622_02735	1	0	2	5	1	4
FL622_02740	13	14	21	7	8	10
FL622_02745	2	5	7	9	7	4
FL622_02750	7	3	5	7	1	1
FL622_02755	0	0	0	2	1	0
FL622_02760	3	0	0	9	3	5
FL622_02765	83	66	102	256	210	227
FL622_02770	5	2	5	22	29	20
FL622_02775	11	23	29	85	83	68
FL622_02780	9	20	25	72	72	52
FL622_02785	24	13	31	114	73	68
FL622_02790	0	1	1	13	9	10
FL622_02795	3	1	5	30	23	11
FL622_02800	2	0	6	28	27	14
FL622_02805	2	0	1	36	18	15
FL622_02810	6	4	11	5	0	2
FL622_02815	1	0	3	0	1	0
FL622_02820	1	0	1	0	0	1
FL622_02825	0	0	0	0	0	0
FL622_02830	0	0	0	0	2	0
FL622_02835	0	0	0	1	2	2
FL622_02840	0	2	0	1	2	1
FL622_02845	0	1	0	0	1	0
FL622_02850	0	0	0	1	1	0
FL622_02855	56	27	38	44	47	30
FL622_02860	2	0	1	0	0	0
FL622_02865	0	0	0	1	0	0
FL622_02870	0	0	0	0	0	2
FL622_02875	1	1	2	4	7	3
FL622_02880	0	3	1	4	0	1
FL622_02885	0	0	1	1	0	1
FL622_02890	0	1	1	9	2	2
FL622_02895	0	1	0	1	0	3
FL622_02900	4	6	11	51	23	22
FL622_02905	0	2	2	1	1	3
FL622_02910	0	0	0	1	0	0
FL622_02915	0	0	0	0	0	0
FL622_02920	0	0	0	0	0	0
FL622_02925	0	0	0	1	1	1
FL622_02935	31	43	41	77	90	51
FL622_02940	20	23	23	28	48	17
FL622_02945	0	5	2	1	9	1
FL622_02950	6	16	14	17	24	8
FL622_02955	8	14	11	11	10	4
FL622_02960	4	9	16	67	32	50
FL622_02965	13	9	16	147	73	87
FL622_02970	10	6	8	147	72	57
FL622_02975	4	9	13	115	78	56
FL622_02980	7	9	7	134	60	56
FL622_02985	0	0	1	38	21	17
FL622_02990	1	2	7	77	48	30
FL622_02995	3	4	8	102	70	40
FL622_03000	2	2	4	59	44	30
FL622_03005	0	1	0	83	49	23
FL622_03010	17	7	20	333	221	150
FL622_03015	29	10	33	162	152	119
FL622_03025	2	0	2	82	54	18
FL622_03030	5	2	10	156	146	81
FL622_03035	7	2	3	154	145	79
FL622_03040	5	2	7	56	74	32
FL622_03045	8	1	9	270	161	73
FL622_03050	5	1	6	159	99	62
FL622_03055	4	3	2	106	72	50
FL622_03060	2	1	2	62	26	18
FL622_03065	5	4	5	22	17	17
FL622_03070	3	8	15	104	64	31
FL622_03075	0	1	2	20	16	7
FL622_03080	6	3	2	167	156	56
FL622_03085	3	2	1	85	74	31
FL622_03090	10	9	17	604	709	198
FL622_03095	10	6	8	347	176	80
FL622_03100	8	0	3	162	81	27
FL622_03105	14	3	11	78	66	63
FL622_03110	6	6	11	206	133	103
FL622_03115	1	1	3	41	32	25
FL622_03120	0	0	0	21	11	7
FL622_03125	2	1	0	39	24	19
FL622_03130	2	0	1	10	12	10
FL622_03135	1	3	1	19	12	9
FL622_03140	7	4	9	97	76	40
FL622_03145	6	3	5	221	166	116
FL622_03150	7	6	6	150	101	76
FL622_03155	7	4	1	187	174	99
FL622_03160	5	2	5	159	107	61
FL622_03165	0	0	0	12	2	4
FL622_03170	15	6	9	234	227	88
FL622_03175	8	3	4	173	177	77
FL622_03180	2	1	2	97	70	25
FL622_03185	4	0	1	90	116	51
FL622_03190	1	1	0	62	53	24
FL622_03195	1	1	1	37	31	13
FL622_03200	0	0	0	3	1	1
FL622_03205	1	0	1	6	3	3
FL622_03210	2	0	2	1	9	2
FL622_03215	0	1	0	0	0	1
FL622_03220	1	0	0	12	11	6
FL622_03225	0	0	0	2	1	0
FL622_03230	2	2	15	28	19	8
FL622_03235	3	8	12	6	8	3
FL622_03240	1	4	5	1	3	1
FL622_03245	0	0	0	0	0	0
FL622_03250	0	0	0	1	0	1
FL622_03255	0	0	1	0	0	1
FL622_03260	0	0	3	0	1	1
FL622_03265	0	0	1	3	1	3
FL622_03270	1	0	0	0	0	0
FL622_03275	0	1	1	9	3	1
FL622_03280	4	2	1	6	1	4
FL622_03285	0	0	0	0	1	0
FL622_03290	2	1	3	2	0	2
FL622_03295	0	0	0	0	0	1
FL622_03300	5	5	8	65	52	31
FL622_03305	7	10	16	21	36	28
FL622_03310	10	6	15	64	45	31
FL622_03315	4	0	12	51	41	35
FL622_03320	1	0	0	0	0	0
FL622_03325	0	0	4	3	1	1
FL622_03330	0	1	0	0	0	0
FL622_03335	1	1	0	0	2	0
FL622_03340	0	0	0	2	1	0
FL622_03345	1	0	1	6	12	8
FL622_03350	1	4	5	6	4	6
FL622_03355	0	1	0	1	2	2
FL622_03360	1	0	3	0	0	0
FL622_03365	2	0	1	0	1	0
FL622_03370	1	2	1	0	0	0
FL622_03385	3	4	6	5	3	4
FL622_03390	6	9	11	1	9	6
FL622_03395	0	0	0	1	1	0
FL622_03400	0	0	0	0	0	0
FL622_03405	3	3	5	21	26	20
FL622_03410	2	4	2	13	10	10
FL622_03415	0	2	4	24	36	25
FL622_03420	7	11	33	29	19	20
FL622_03425	0	6	9	20	29	29
FL622_03430	0	1	2	1	0	2
FL622_03435	3	1	7	7	9	13
FL622_03440	5	5	11	20	22	18
FL622_03445	19	19	33	12	14	6
FL622_03450	0	3	1	0	1	2
FL622_03455	0	0	0	2	0	0
FL622_03460	0	0	0	0	0	1
FL622_03465	0	0	0	1	0	0
FL622_03470	2	4	3	0	2	0
FL622_03475	3	5	7	1	1	1
FL622_03480	0	1	0	1	1	1
FL622_03485	0	0	0	8	8	1
FL622_03490	1	5	4	0	2	2
FL622_03495	0	0	0	0	0	0
FL622_03500	0	0	0	0	0	0
FL622_03505	0	0	0	2	0	0
FL622_03510	0	0	0	0	0	0
FL622_03515	0	0	0	1	0	1
FL622_03520	0	0	0	0	1	0
FL622_03525	0	0	1	0	2	2
FL622_03530	0	1	0	2	2	1
FL622_03535	0	0	1	2	1	0
FL622_03540	0	2	0	0	1	1
FL622_03545	0	2	1	2	2	3
FL622_03550	0	0	1	4	0	2
FL622_03555	0	0	0	0	0	0
FL622_03560	0	0	1	1	1	0
FL622_03565	0	0	0	3	3	0
FL622_03570	2	2	0	2	4	1
FL622_03575	0	2	2	3	3	5
FL622_03580	1	1	3	6	1	2
FL622_03585	0	0	0	0	0	0
FL622_03590	0	1	2	6	3	3
FL622_03595	0	1	0	0	4	1
FL622_03600	0	9	5	6	5	2
FL622_03605	0	1	0	4	0	0
FL622_03610	5	2	0	1	1	4
FL622_03615	0	0	1	0	1	0
FL622_03620	46	60	73	10	13	6
FL622_03625	55	92	102	87	115	53
FL622_03630	5	8	9	1	6	4
FL622_03635	2	4	4	4	2	4
FL622_03640	2	10	6	3	5	5
FL622_03645	1	3	1	2	0	0
FL622_03650	0	1	4	3	1	3
FL622_03655	3	5	1	3	3	5
FL622_03660	1	4	6	3	2	0
FL622_03675	13	24	25	2	9	5
FL622_03680	1	10	9	2	4	2
FL622_03685	3	11	2	5	3	0
FL622_03690	61	66	106	6	13	9
FL622_03695	0	1	1	3	3	0
FL622_03700	0	2	0	3	6	1
FL622_03705	6	3	9	33	23	10
FL622_03710	1	0	0	2	2	0
FL622_03715	1	0	0	2	5	2
FL622_03720	2	3	2	5	2	2
FL622_03725	0	0	0	1	1	1
FL622_03730	2	8	10	9	12	4
FL622_03735	5	4	11	2	10	1
FL622_03740	2	0	1	10	7	13
FL622_03745	2	5	10	9	7	15
FL622_03750	0	0	0	0	0	0
FL622_03755	7	13	17	6	10	2
FL622_03765	3	4	4	3	4	3
FL622_03770	1	0	3	0	1	3
FL622_03780	11	6	15	21	28	21
FL622_03785	5	9	7	7	14	2
FL622_03790	0	2	1	7	6	3
FL622_03795	0	0	0	0	2	1
FL622_03800	0	2	3	3	1	0
FL622_03805	2	4	3	7	5	6
FL622_03810	0	1	1	1	0	2
FL622_03815	1	1	5	2	10	1
FL622_03820	0	0	2	1	2	0
FL622_03825	1	1	3	3	6	0
FL622_03830	1	2	0	1	1	0
FL622_03835	1	1	4	2	3	1
FL622_03840	1	1	0	3	0	1
FL622_03845	1	2	1	2	2	1
FL622_03850	0	2	2	2	4	3
FL622_03855	0	1	1	1	1	0
FL622_03860	0	1	4	1	0	1
FL622_03865	1	1	1	0	0	0
FL622_03870	10	20	23	7	7	2
FL622_03875	0	2	3	2	0	0
FL622_03880	3	4	7	2	6	0
FL622_03885	0	0	0	1	0	0
FL622_03890	1	0	1	0	3	0
FL622_03895	1	1	9	8	9	2
FL622_03900	0	13	9	0	0	0
FL622_03905	0	2	2	1	1	0
FL622_03910	0	24	18	0	2	5
FL622_03915	0	7	5	0	1	2
FL622_03920	0	1	1	0	2	1
FL622_03925	0	6	3	1	5	2
FL622_03930	0	0	0	0	2	0
FL622_03935	1	0	2	0	1	0
FL622_03940	0	0	2	1	1	1
FL622_03945	1	2	0	8	2	1
FL622_03950	0	2	1	1	3	0
FL622_03955	0	1	0	1	0	0
FL622_03960	0	0	0	0	1	0
FL622_03965	2	2	3	7	4	3
FL622_03970	2	3	0	7	5	6
FL622_03975	3	5	1	14	16	11
FL622_03980	2	0	3	0	2	1
FL622_03985	0	0	0	2	1	2
FL622_03990	6	4	4	4	6	6
FL622_03995	0	1	1	4	3	1
FL622_04000	0	1	1	5	2	0
FL622_04005	0	2	1	9	1	2
FL622_04010	2	3	8	5	19	5
FL622_04015	2	6	11	5	14	4
FL622_04020	1	1	1	0	2	0
FL622_04025	0	0	0	0	0	0
FL622_04030	0	1	1	0	1	1
FL622_04035	3	2	4	7	13	4
FL622_04040	0	6	4	8	7	5
FL622_04045	0	2	0	1	0	2
FL622_04050	1	0	0	12	6	3
FL622_04055	1	0	0	1	0	0
FL622_04060	3	1	1	0	0	2
FL622_04065	0	1	0	0	0	0
FL622_04070	14	12	29	18	5	13
FL622_04075	0	0	1	1	0	0
FL622_04080	0	0	0	1	0	0
FL622_04085	1	4	4	16	22	10
FL622_04090	4	0	1	6	4	4
FL622_04095	0	0	0	10	1	1
FL622_04100	1	3	4	13	14	8
FL622_04105	0	3	4	19	4	8
FL622_04110	0	0	1	3	4	1
FL622_04115	1	0	3	16	14	7
FL622_04120	2	9	10	65	26	27
FL622_04125	2	2	3	5	5	5
FL622_04130	2	3	3	43	34	27
FL622_04135	2	1	1	0	2	2
FL622_04140	0	1	0	2	4	1
FL622_04145	4	4	1	10	5	8
FL622_04150	23	27	25	83	47	59
FL622_04155	4	5	5	8	6	6
FL622_04160	35	52	72	86	52	82
FL622_04165	2	6	1	4	1	2
FL622_04170	0	0	2	1	4	2
FL622_04175	0	1	0	2	2	3
FL622_04180	0	0	0	0	0	1
FL622_04185	1	0	0	2	1	1
FL622_04190	2	0	0	0	0	0
FL622_04195	0	0	0	2	0	0
FL622_04200	5	3	5	7	8	1
FL622_04205	0	1	2	1	1	0
FL622_04210	4	3	1	3	0	0
FL622_04215	1	0	1	0	0	0
FL622_04220	2	4	3	2	2	2
FL622_04225	0	0	1	0	1	0
FL622_04230	1	3	6	1	3	1
FL622_04235	0	1	0	0	3	0
FL622_04240	2	8	8	2	4	2
FL622_04245	0	5	4	0	6	1
FL622_04250	9	20	34	15	20	6
FL622_04255	45	26	36	25	38	19
FL622_04260	5	4	10	8	11	5
FL622_04265	25	18	24	10	13	9
FL622_04285	8	16	18	13	19	8
FL622_04290	2	1	1	15	11	6
FL622_04295	0	5	8	1	6	2
FL622_04300	4	2	6	6	5	2
FL622_04305	2	3	6	4	12	2
FL622_04310	0	0	1	5	1	1
FL622_04315	0	1	1	2	2	1
FL622_04320	0	0	0	5	6	3
FL622_04325	4	1	6	1	5	2
FL622_04330	1	1	2	3	1	3
FL622_04335	2	3	4	5	8	2
FL622_04340	23	36	57	16	23	10
FL622_04345	3	9	15	5	12	1
FL622_04350	1	0	1	1	1	2
FL622_04355	89	78	40	146	138	108
FL622_04360	2	1	6	0	4	2
FL622_04365	8	8	4	7	8	4
FL622_04370	5	0	1	4	7	1
FL622_04375	2	0	0	1	1	1
FL622_04380	7	4	7	7	3	5
FL622_04385	2	2	4	7	1	3
FL622_04390	0	2	3	8	8	4
FL622_04395	4	1	4	6	3	4
FL622_04400	5	5	2	10	8	9
FL622_04405	7	9	9	19	14	10
FL622_04410	0	0	1	5	3	0
FL622_04415	2	0	0	3	8	0
FL622_04420	1	1	0	1	0	1
FL622_04425	8	15	13	39	37	25
FL622_04430	9	10	17	21	22	12
FL622_04435	9	11	8	15	18	17
FL622_04440	2	0	2	7	6	10
FL622_04445	1	1	5	6	2	0
FL622_04450	0	1	0	2	2	0
FL622_04455	3	2	0	9	7	8
FL622_04460	1	2	5	8	1	2
FL622_04465	4	5	1	1	5	0
FL622_04470	3	3	4	6	6	2
FL622_04475	1	0	2	2	1	2
FL622_04480	1	2	1	5	5	2
FL622_04485	0	1	3	2	1	2
FL622_04490	0	1	0	1	0	1
FL622_04495	1	0	0	3	5	0
FL622_04500	0	0	0	1	1	0
FL622_04505	1	0	4	1	1	0
FL622_04510	0	2	1	0	1	3
FL622_04515	0	1	1	0	1	0
FL622_04520	4	0	3	1	0	3
FL622_04525	3	4	7	3	1	5
FL622_04530	6	2	1	5	3	4
FL622_04535	12	3	6	1	2	3
FL622_04540	10	7	11	7	5	3
FL622_04545	5	4	1	1	0	0
FL622_04550	6	6	6	2	0	5
FL622_04555	16	9	10	3	2	7
FL622_04560	6	4	3	2	2	3
FL622_04570	7	6	6	3	1	3
FL622_04575	0	0	1	1	1	0
FL622_04580	0	0	0	1	1	0
FL622_04585	0	0	0	0	1	0
FL622_04590	1	0	0	4	2	0
FL622_04595	1	2	0	2	1	0
FL622_04600	1	2	0	2	1	1
FL622_04605	1	1	0	3	4	4
FL622_04610	4	2	2	6	5	1
FL622_04615	0	0	1	4	6	3
FL622_04620	0	1	1	4	1	4
FL622_04625	0	0	0	2	0	1
FL622_04630	1	0	1	10	5	4
FL622_04635	0	2	1	5	0	5
FL622_04640	0	1	0	3	3	0
FL622_04645	5	8	4	5	8	4
FL622_04650	1	4	2	5	6	6
FL622_04655	4	2	2	5	7	6
FL622_04660	0	2	2	2	3	0
FL622_04665	0	2	2	4	5	6
FL622_04670	2	2	0	0	0	0
FL622_04675	1	0	1	2	1	3
FL622_04680	8	8	7	4	13	3
FL622_04685	0	0	3	6	2	2
FL622_04690	1	1	1	2	1	0
FL622_04695	2	2	4	2	1	2
FL622_04700	0	2	1	6	7	4
FL622_04705	3	1	0	2	2	1
FL622_04710	48	94	133	55	40	28
FL622_04720	7	2	4	57	74	37
FL622_04725	0	0	0	0	1	3
FL622_04730	1	2	0	13	6	4
FL622_04735	0	1	0	0	0	1
FL622_04740	1	3	1	8	3	2
FL622_04745	0	1	0	0	0	0
FL622_04750	0	0	0	1	1	2
FL622_04755	0	0	0	1	0	0
FL622_04760	0	0	0	1	0	0
FL622_04765	0	0	0	0	0	0
FL622_04770	3	4	3	8	4	5
FL622_04775	2	2	3	0	1	1
FL622_04780	0	1	3	11	15	2
FL622_04785	0	1	1	15	25	7
FL622_04790	0	2	3	19	16	13
FL622_04795	3	3	0	24	12	13
FL622_04800	2	4	1	9	8	8
FL622_04805	3	0	1	1	1	1
FL622_04815	0	0	0	0	1	0
FL622_04820	0	4	5	1	4	3
FL622_04825	0	0	2	0	3	1
FL622_04830	0	0	0	1	1	0
FL622_04835	0	0	2	0	0	0
FL622_04840	2	2	5	2	1	1
FL622_04845	0	0	1	0	0	0
FL622_04850	3	6	11	0	0	1
FL622_04855	1	3	2	1	0	0
FL622_04865	3	4	1	1	2	1
FL622_04870	0	0	1	0	0	0
FL622_04875	1	1	2	1	1	2
FL622_04880	0	2	1	1	3	2
FL622_04885	3	3	3	5	4	4
FL622_04890	0	3	8	19	20	21
FL622_04895	1	0	1	0	0	0
FL622_04900	0	1	0	3	0	2
FL622_04910	0	1	0	6	3	3
FL622_04915	6	6	11	4	8	8
FL622_04920	1	3	0	1	1	0
FL622_04925	1	1	1	4	4	2
FL622_04930	7	2	1	8	3	7
FL622_04935	8	4	11	20	25	21
FL622_04940	1	1	4	2	3	0
FL622_04945	3	1	8	25	11	13
FL622_04950	2	2	3	15	7	8
FL622_04955	7	3	9	54	16	22
FL622_04960	2	0	3	21	9	15
FL622_04965	0	1	0	12	4	4
FL622_04970	2	0	1	6	4	5
FL622_04975	1	2	3	1	3	1
FL622_04980	0	1	3	5	1	2
FL622_04985	0	7	3	2	5	0
FL622_04990	0	0	1	0	0	0
FL622_04995	0	1	0	0	0	0
FL622_05000	0	0	0	0	1	0
FL622_05005	2	0	0	0	0	0
FL622_05010	0	0	0	0	0	0
FL622_05015	0	0	1	0	0	0
FL622_05020	0	1	0	0	0	0
FL622_05025	0	0	0	0	0	0
FL622_05030	0	0	0	0	0	0
FL622_05035	0	0	0	0	0	1
FL622_05040	4	3	4	6	11	5
FL622_05045	1	1	5	1	8	3
FL622_05050	4	5	14	7	9	11
FL622_05055	1	0	2	4	1	1
FL622_05060	2	5	11	5	3	1
FL622_05065	7	5	3	1	3	0
FL622_05070	10	4	4	4	1	2
FL622_05075	0	3	1	1	5	1
FL622_05080	0	1	0	0	1	1
FL622_05085	3	3	3	3	5	0
FL622_05090	3	6	2	1	1	4
FL622_05095	2	1	0	0	0	0
FL622_05100	34	29	42	21	36	59
FL622_05105	0	1	0	0	0	0
FL622_05110	4	4	3	1	4	1
FL622_05115	18	21	13	29	30	26
FL622_05120	36	27	38	15	13	16
FL622_05125	11	21	9	5	8	5
FL622_05130	1	3	4	10	6	1
FL622_05135	1	0	1	1	0	0
FL622_05145	16	4	7	2	1	2
FL622_05150	2	0	5	6	2	4
FL622_05155	0	1	0	0	0	0
FL622_05160	0	0	0	0	0	0
FL622_05165	0	0	0	0	0	1
FL622_05175	13	13	19	62	76	57
FL622_05180	8	7	6	4	6	5
FL622_05185	2	8	4	1	1	0
FL622_05190	4	5	12	21	9	11
FL622_05195	0	2	0	0	1	0
FL622_05200	0	0	0	1	1	2
FL622_05205	5	2	6	8	14	4
FL622_05210	1	0	5	4	11	0
FL622_05215	1	2	2	2	5	1
FL622_05220	0	0	0	0	0	0
FL622_05225	1	0	0	0	0	1
FL622_05230	0	1	0	4	2	3
FL622_05235	0	1	0	4	6	1
FL622_05240	0	0	1	3	0	0
FL622_05245	0	0	1	2	5	4
FL622_05250	0	2	1	2	2	3
FL622_05255	0	1	2	1	0	1
FL622_05260	1	0	1	5	3	1
FL622_05265	1	2	4	3	5	0
FL622_05270	11	6	12	2	3	0
FL622_05275	1	2	1	1	0	0
FL622_05285	0	1	0	0	1	0
FL622_05290	2	2	4	3	2	3
FL622_05295	16	31	17	20	12	11
FL622_05300	1	3	3	1	2	0
FL622_05305	0	0	0	0	0	0
FL622_05310	2	9	5	2	2	2
FL622_05315	0	0	4	0	3	0
FL622_05320	0	1	2	0	1	2
FL622_05325	0	0	0	0	0	0
FL622_05330	0	0	2	0	3	0
FL622_05335	0	0	1	2	2	2
FL622_05340	0	0	0	1	2	1
FL622_05345	4	6	4	4	2	8
FL622_05350	2	5	11	4	5	6
FL622_05355	0	0	2	4	1	3
FL622_05360	0	0	4	2	3	1
FL622_05365	0	0	0	0	0	0
FL622_05370	0	3	0	1	5	0
FL622_05375	1	1	0	1	0	0
FL622_05380	0	2	2	1	4	0
FL622_05385	0	0	0	0	1	0
FL622_05390	0	0	2	0	1	0
FL622_05395	1	4	6	1	5	0
FL622_05400	1	2	1	1	1	1
FL622_05405	7	3	8	1	5	0
FL622_05410	6	3	3	9	4	2
FL622_05415	3	9	12	5	10	1
FL622_05420	65	85	109	14	53	12
FL622_05425	8	9	15	4	4	1
FL622_05430	0	5	2	1	0	3
FL622_05435	2	7	10	2	9	4
FL622_05440	5	1	9	1	3	1
FL622_05445	3	4	12	3	2	1
FL622_05450	3	6	4	14	3	4
FL622_05455	3	3	0	6	3	1
FL622_05460	5	8	7	29	14	21
FL622_05465	27	31	19	4	9	3
FL622_05470	8	19	10	3	0	0
FL622_05475	1	1	2	0	1	0
FL622_05480	0	5	5	2	2	0
FL622_05485	0	0	0	1	3	1
FL622_05490	0	0	0	0	0	0
FL622_05495	1	0	0	0	2	0
FL622_05500	0	0	2	1	2	2
FL622_05505	0	1	2	0	3	1
FL622_05510	1	0	0	0	0	0
FL622_05515	1	1	0	2	2	0
FL622_05520	0	1	1	3	1	0
FL622_05525	0	0	0	1	1	0
FL622_05530	0	0	0	1	1	1
FL622_05535	0	0	1	0	0	1
FL622_05540	0	1	1	1	1	1
FL622_05545	6	3	1	2	7	2
FL622_05550	4	3	1	2	1	3
FL622_05555	0	0	0	6	6	0
FL622_05560	2	1	11	58	63	53
FL622_05565	0	0	1	4	6	3
FL622_05570	0	0	0	2	0	0
FL622_05575	1	0	0	3	2	0
FL622_05580	1	0	0	1	0	1
FL622_05585	0	1	0	3	1	0
FL622_05590	0	1	0	1	0	1
FL622_05595	1	0	0	0	0	0
FL622_05600	0	0	0	2	3	1
FL622_05605	0	0	0	1	0	0
FL622_05610	0	0	0	2	0	1
FL622_05615	0	2	0	1	4	0
FL622_05620	0	0	0	1	0	0
FL622_05625	1	1	2	3	1	2
FL622_05630	2	0	0	1	0	0
FL622_05635	0	0	0	0	1	0
FL622_05640	2	0	0	1	0	1
FL622_05650	0	2	0	0	4	0
FL622_05655	1	0	0	0	1	1
FL622_05660	1	0	0	1	0	0
FL622_05665	0	0	0	1	1	0
FL622_05670	0	0	0	2	0	2
FL622_05675	0	0	0	1	0	0
FL622_05680	2	0	0	5	0	1
FL622_05685	0	0	0	5	2	3
FL622_05690	3	0	6	3	4	1
FL622_05695	0	0	0	1	2	0
FL622_05700	0	0	0	1	5	0
FL622_05705	0	0	0	0	0	0
FL622_05710	0	0	1	2	2	3
FL622_05715	1	2	3	8	6	5
FL622_05720	0	0	0	0	1	0
FL622_05725	0	0	0	0	0	0
FL622_05730	1	0	0	0	0	0
FL622_05735	0	0	1	0	0	0
FL622_05745	19	9	14	9	9	16
FL622_05750	0	0	0	0	0	0
FL622_05755	0	0	0	1	2	1
FL622_05765	0	0	0	0	1	0
FL622_05770	0	0	0	1	0	0
FL622_05775	0	0	0	1	1	0
FL622_05790	0	0	1	2	1	0
FL622_05795	0	1	1	4	6	2
FL622_05800	1	0	2	7	8	9
FL622_05805	1	0	0	0	1	0
FL622_05810	0	0	0	0	0	0
FL622_05815	0	0	1	1	1	0
FL622_05820	0	1	1	2	1	2
FL622_05825	0	2	1	4	5	1
FL622_05830	0	0	0	0	2	1
FL622_05835	0	0	0	0	0	0
FL622_05840	0	2	3	3	1	0
FL622_05845	1	1	1	14	14	7
FL622_05850	9	11	7	22	17	11
FL622_05855	3	4	6	10	7	2
FL622_05860	5	3	6	15	7	1
FL622_05865	8	3	7	16	20	2
FL622_05870	2	3	3	12	19	7
FL622_05875	5	1	2	0	6	2
FL622_05880	2	1	5	7	6	5
FL622_05890	9	5	2	2	4	7
FL622_05895	2	0	2	1	2	2
FL622_05900	20	10	17	5	7	6
FL622_05905	60	29	40	6	13	12
FL622_05915	14	12	9	8	10	9
FL622_05920	20	35	36	6	17	10
FL622_05925	18	12	24	4	11	3
FL622_05930	12	14	15	2	3	6
FL622_05940	20	23	23	5	7	5
FL622_05945	117	81	118	29	69	32
FL622_05950	24	15	27	4	16	6
FL622_05955	40	36	41	10	26	9
FL622_05960	6	10	22	5	6	6
FL622_05965	11	6	18	3	5	2
FL622_05970	15	22	20	2	6	2
FL622_05975	17	16	28	8	11	9
FL622_05980	11	16	12	4	11	5
FL622_05985	21	26	26	4	8	4
FL622_05990	9	4	6	0	3	0
FL622_05995	2	4	10	5	21	9
FL622_06000	0	0	0	0	0	1
FL622_06005	1	2	2	0	0	1
FL622_06015	1	5	4	0	0	0
FL622_06020	0	1	4	2	2	0
FL622_06025	2	2	3	4	4	4
FL622_06030	3	5	6	0	3	2
FL622_06035	20	18	19	1	1	5
FL622_06040	13	8	22	10	4	5
FL622_06045	1	1	3	1	5	1
FL622_06050	8	10	9	4	1	1
FL622_06055	0	0	0	3	1	0
FL622_06060	0	2	7	3	4	1
FL622_06065	0	2	1	0	0	1
FL622_06070	0	2	1	3	4	2
FL622_06075	0	2	0	4	2	0
FL622_06080	6	5	9	5	4	3
FL622_06085	0	0	0	1	1	0
FL622_06090	0	2	1	1	1	1
FL622_06100	1	0	0	2	3	0
FL622_06105	2	1	0	2	3	2
FL622_06110	0	0	1	1	2	0
FL622_06115	5	4	5	4	4	4
FL622_06120	0	2	0	0	1	1
FL622_06125	0	0	3	1	5	0
FL622_06130	0	6	6	1	5	0
FL622_06135	2	4	4	2	0	0
FL622_06140	7	5	5	3	6	1
FL622_06145	0	3	5	1	4	3
FL622_06150	6	16	12	2	9	4
FL622_06155	3	9	15	6	7	1
FL622_06160	0	0	0	2	0	0
FL622_06165	0	2	4	1	2	1
FL622_06170	3	5	10	4	3	2
FL622_06180	1	1	4	6	4	4
FL622_06185	4	6	12	3	6	2
FL622_06190	1	1	2	2	1	0
FL622_06195	0	0	1	0	0	0
FL622_06205	2	3	3	4	0	0
FL622_06210	11	13	16	6	3	0
FL622_06215	3	2	6	1	8	2
FL622_06220	0	0	0	0	3	0
FL622_06225	0	0	0	1	1	1
FL622_06230	2	1	0	2	2	0
FL622_06235	0	0	0	2	3	0
FL622_06240	0	0	0	1	0	2
FL622_06245	2	1	4	10	12	9
FL622_06250	1	5	6	4	11	4
FL622_06255	1	2	4	31	17	20
FL622_06260	3	0	2	6	3	7
FL622_06265	2	2	0	6	2	1
FL622_06270	2	1	0	2	1	1
FL622_06275	0	0	0	2	1	0
FL622_06280	4	1	2	12	6	3
FL622_06285	0	0	0	3	0	0
FL622_06290	1	2	1	4	1	1
FL622_06295	1	3	6	6	5	1
FL622_06300	0	0	0	1	0	0
FL622_06305	0	1	0	2	0	1
FL622_06310	0	0	1	4	2	0
FL622_06315	0	0	0	0	1	0
FL622_06320	2	1	2	5	1	3
FL622_06325	2	3	2	5	1	3
FL622_06330	2	6	2	14	11	7
FL622_06335	18	7	22	121	90	74
FL622_06340	8	8	8	58	64	43
FL622_06345	0	2	2	35	25	21
FL622_06350	9	7	7	126	105	54
FL622_06355	0	0	1	24	21	13
FL622_06360	1	1	1	3	0	0
FL622_06365	0	0	0	1	2	1
FL622_06370	1	2	0	4	3	1
FL622_06375	0	0	0	1	1	0
FL622_06380	0	0	0	0	0	0
FL622_06385	0	0	1	0	0	0
FL622_06390	0	0	0	0	0	0
FL622_06395	18	8	38	68	52	77
FL622_06400	13	16	26	79	72	76
FL622_06405	11	6	22	84	76	47
FL622_06410	121	69	144	101	87	167
FL622_06420	4	5	5	7	4	6
FL622_06425	5	2	6	10	12	10
FL622_06430	40	26	65	3	8	18
FL622_06435	15	14	29	12	12	12
FL622_06440	1	0	7	6	4	3
FL622_06445	1	0	0	0	0	0
FL622_06450	0	0	0	0	0	0
FL622_06455	0	0	0	1	0	0
FL622_06460	1	1	0	1	0	0
FL622_06465	1	0	0	0	0	0
FL622_06470	8	2	2	3	0	0
FL622_06475	22	26	23	34	19	16
FL622_06480	0	1	0	0	0	1
FL622_06490	7	3	10	3	0	3
FL622_06495	0	1	0	0	0	0
FL622_06500	0	6	10	2	1	0
FL622_06505	0	1	3	0	0	0
FL622_06510	1	1	5	4	1	3
FL622_06515	0	1	2	0	1	0
FL622_06520	17	9	20	10	14	15
FL622_06525	0	1	4	12	5	4
FL622_06530	0	0	0	1	0	0
FL622_06535	3	0	2	9	6	4
FL622_06540	967	415	612	660	584	1007
FL622_06545	5	6	18	1	4	3
FL622_06550	0	0	0	1	0	0
FL622_06555	0	0	0	1	0	1
FL622_06560	3	4	18	5	3	4
FL622_06565	2	0	5	1	4	3
FL622_06570	5	7	10	4	2	0
FL622_06575	1	1	0	2	5	2
FL622_06580	1	3	3	2	1	4
FL622_06585	75	31	202	371	270	525
FL622_06590	8	18	13	14	6	15
FL622_06595	2	3	1	1	1	2
FL622_06600	1	1	3	2	0	0
FL622_06605	0	0	0	0	0	1
FL622_06610	0	0	0	0	0	0
FL622_06615	2	0	1	0	1	2
FL622_06620	0	0	0	0	0	0
FL622_06625	0	0	0	0	0	0
FL622_06630	0	0	0	0	0	0
FL622_06635	1	1	1	1	0	0
FL622_06640	1	0	0	6	2	5
FL622_06645	0	0	0	0	0	0
FL622_06650	2	1	3	4	0	1
FL622_06655	0	0	1	0	0	0
FL622_06660	0	0	0	0	2	1
FL622_06665	2	0	2	0	1	0
FL622_06675	0	2	1	1	2	0
FL622_06680	1	0	0	2	2	1
FL622_06690	12	10	11	3	8	5
FL622_06695	0	0	1	0	1	1
FL622_06700	4	4	2	2	1	2
FL622_06705	0	3	3	3	1	0
FL622_06710	2	0	1	0	2	0
FL622_06715	0	0	0	0	0	0
FL622_06720	0	0	0	0	0	0
FL622_06725	0	2	3	1	0	1
FL622_06730	0	0	0	0	0	0
FL622_06735	1	0	0	0	0	1
FL622_06740	1	0	0	0	2	0
FL622_06745	0	0	0	1	1	0
FL622_06750	1	0	1	1	0	0
FL622_06755	0	1	1	1	3	0
FL622_06760	1	1	2	2	1	0
FL622_06765	8	5	3	1	0	0
FL622_06770	0	0	1	0	0	0
FL622_06775	1	0	3	2	1	0
FL622_06785	0	0	1	0	0	0
FL622_06790	0	1	1	1	6	4
FL622_06795	0	0	0	1	1	1
FL622_06800	1	1	0	3	3	2
FL622_06805	0	0	0	0	1	0
FL622_06810	0	1	0	4	5	2
FL622_06815	0	1	1	4	6	5
FL622_06820	0	0	1	2	0	0
FL622_06825	2	0	2	3	1	0
FL622_06830	0	0	0	2	3	0
FL622_06835	0	0	0	1	1	0
FL622_06840	0	0	0	1	0	0
FL622_06845	6	8	8	6	4	5
FL622_06850	2	1	0	0	3	2
FL622_06855	1	0	0	1	2	2
FL622_06860	0	0	0	0	0	0
FL622_06865	2	2	0	1	5	3
FL622_06870	2	2	1	3	3	2
FL622_06875	0	0	0	0	1	1
FL622_06880	0	0	0	0	1	0
FL622_06885	0	1	1	2	3	0
FL622_06895	0	0	0	3	3	0
FL622_06900	0	1	0	2	1	1
FL622_06905	0	0	0	2	0	1
FL622_06910	0	0	1	1	0	1
FL622_06920	4	12	6	12	9	4
FL622_06925	3	4	5	3	1	1
FL622_06930	15	29	35	19	15	11
FL622_06935	2	1	1	3	3	0
FL622_06940	5	7	7	10	7	3
FL622_06945	5	7	8	1	5	1
FL622_06950	12	17	14	5	13	3
FL622_06955	2	1	3	4	8	1
FL622_06960	2	6	3	3	13	2
FL622_06965	1	4	8	16	35	13
FL622_06970	3	3	8	28	25	30
FL622_06975	3	6	6	12	21	12
FL622_06980	0	3	5	3	7	3
FL622_06985	46	44	69	151	86	120
FL622_06990	40	72	118	343	247	180
FL622_06995	19	26	22	33	18	19
FL622_07000	9	12	11	10	8	8
FL622_07005	3	6	5	25	39	36
FL622_07010	3	2	3	11	5	6
FL622_07015	0	0	4	6	14	2
FL622_07020	1	2	1	0	1	2
FL622_07025	2	6	5	0	1	1
FL622_07030	13	11	15	19	8	40
FL622_07035	2	7	4	8	4	2
FL622_07040	0	0	0	0	0	0
FL622_07045	0	1	0	2	3	1
FL622_07050	0	1	2	2	2	2
FL622_07055	0	0	0	1	0	0
FL622_07060	0	0	0	0	1	0
FL622_07065	2	4	2	1	3	2
FL622_07070	1	0	2	0	0	0
FL622_07075	0	2	2	3	1	2
FL622_07080	0	0	1	14	7	5
FL622_07085	1	4	10	64	24	23
FL622_07090	0	1	1	2	6	3
FL622_07095	2	1	10	7	5	2
FL622_07100	0	1	3	102	75	46
FL622_07105	1	4	5	38	41	19
FL622_07110	3	1	3	12	6	10
FL622_07115	7	7	7	162	99	83
FL622_07120	21	8	14	93	65	37
FL622_07125	29	16	24	286	300	109
FL622_07130	2	0	1	56	61	22
FL622_07135	18	19	16	284	134	112
FL622_07140	0	0	2	27	29	8
FL622_07145	5	3	7	48	23	22
FL622_07150	2	4	2	9	7	3
FL622_07155	5	14	19	5	4	4
FL622_07160	0	3	5	1	0	2
FL622_07165	1	4	5	4	4	1
FL622_07170	1	1	2	1	6	1
FL622_07175	0	0	0	0	1	1
FL622_07180	10	5	9	67	65	33
FL622_07185	0	0	1	41	38	19
FL622_07190	3	5	8	174	204	82
FL622_07195	5	5	7	112	159	54
FL622_07200	3	1	4	94	98	44
FL622_07205	1	3	3	182	112	67
FL622_07210	56	36	48	492	474	309
FL622_07215	19	17	21	269	236	154
FL622_07220	7	5	8	83	101	46
FL622_07225	20	7	18	166	139	86
FL622_07230	3	7	13	72	68	50
FL622_07235	44	38	51	152	147	167
FL622_07240	35	12	30	15	14	31
FL622_07245	74	49	62	108	68	109
FL622_07250	62	36	50	72	39	78
FL622_07255	74	34	55	102	52	100
FL622_07260	68	41	55	117	40	140
FL622_07265	6	5	5	13	7	14
FL622_07275	37	36	55	123	26	116
FL622_07280	3	4	3	47	15	25
FL622_07285	0	0	4	34	2	23
FL622_07290	2	1	1	25	8	19
FL622_07295	4	2	13	32	18	15
FL622_07300	7	9	6	11	5	9
FL622_07305	1	0	1	2	2	2
FL622_07310	15	10	15	301	304	132
FL622_07315	391	201	464	4218	4475	2543
FL622_07320	18	12	23	333	422	175
FL622_07325	42	28	42	675	744	319
FL622_07330	88	11	34	150	148	85
FL622_07335	0	0	0	32	29	12
FL622_07340	4	0	4	33	40	21
FL622_07345	1	1	2	19	16	8
FL622_07350	0	0	0	10	9	1
FL622_07355	1	0	1	59	53	23
FL622_07360	0	0	0	0	0	0
FL622_07365	2	0	2	3	5	1
FL622_07370	90	96	186	4	2	4
FL622_07375	1	0	2	15	9	12
FL622_07380	3	0	1	12	13	5
FL622_07385	0	0	0	11	8	4
FL622_07390	1	2	5	7	13	11
FL622_07395	2	2	2	23	11	15
FL622_07400	3	1	5	9	3	5
FL622_07405	0	0	1	9	2	2
FL622_07410	1	3	4	4	1	3
FL622_07415	2	1	1	12	4	7
FL622_07420	0	0	2	2	2	3
FL622_07425	0	1	1	1	0	1
FL622_07430	10	13	34	118	19	90
FL622_07435	4	4	4	69	17	48
FL622_07440	2	2	9	75	24	68
FL622_07445	2	4	13	56	22	56
FL622_07450	1	8	14	87	23	85
FL622_07455	2	2	7	15	5	9
FL622_07460	0	1	0	5	0	2
FL622_07465	1	0	0	3	4	0
FL622_07470	0	0	1	2	0	0
FL622_07475	0	0	1	1	0	0
FL622_07480	1	3	0	6	2	3
FL622_07485	1	1	0	1	2	1
FL622_07490	0	4	3	2	5	3
FL622_07495	0	0	0	0	0	0
FL622_07500	0	0	1	0	0	0
FL622_07505	1	0	0	4	4	2
FL622_07510	0	1	3	2	2	1
FL622_07515	1	2	0	2	1	0
FL622_07520	0	0	1	10	9	17
FL622_07525	15	35	38	33	37	28
FL622_07530	16	34	28	7	5	5
FL622_07535	1	3	1	1	3	1
FL622_07540	1	0	0	4	3	1
FL622_07545	0	0	0	0	0	0
FL622_07550	0	0	0	1	3	1
FL622_07555	0	0	3	0	1	0
FL622_07560	0	0	0	0	1	0
FL622_07565	0	0	0	0	2	0
FL622_07570	0	0	1	4	4	0
FL622_07575	3	4	3	4	3	2
FL622_07580	0	0	1	2	2	1
FL622_07585	2	1	2	1	2	0
FL622_07590	2	1	5	2	6	1
FL622_07595	9	4	22	246	178	119
FL622_07600	46	18	36	90	79	78
FL622_07605	86	63	113	521	442	408
FL622_07610	0	0	2	3	0	2
FL622_07615	0	0	0	3	0	0
FL622_07620	0	1	3	0	1	1
FL622_07625	0	1	0	16	9	6
FL622_07630	0	0	0	7	4	2
FL622_07635	1	0	0	1	2	3
FL622_07640	1	10	9	24	37	30
FL622_07645	6	4	5	12	11	7
FL622_07650	1	3	0	3	2	1
FL622_07655	0	1	0	1	0	1
FL622_07660	2	1	2	4	1	0
FL622_07665	0	0	0	0	0	1
FL622_07670	0	0	0	0	0	1
FL622_07675	0	0	0	2	2	0
FL622_07685	0	0	0	0	1	0
FL622_07690	1	3	3	6	2	2
FL622_07695	2	2	0	1	0	1
FL622_07700	0	1	0	0	0	0
FL622_07705	1	1	4	3	0	0
FL622_07710	1	1	2	10	2	5
FL622_07715	1	0	2	11	8	4
FL622_07720	5	3	9	55	30	13
FL622_07725	1	0	1	9	8	7
FL622_07730	9	14	7	124	95	59
FL622_07735	1	3	2	1	1	0
FL622_07740	1	1	0	4	2	6
FL622_07745	4	6	1	11	7	8
FL622_07750	1	1	0	0	2	1
FL622_07755	0	0	0	0	1	0
FL622_07760	0	0	0	3	1	0
FL622_07765	0	1	0	4	3	0
FL622_07770	1	5	3	4	2	2
FL622_07775	0	0	0	1	2	0
FL622_07780	1	4	6	2	7	5
FL622_07785	3	9	11	5	4	9
FL622_07790	0	1	1	1	3	2
FL622_07795	6	15	45	0	3	1
FL622_07800	1	3	4	2	3	2
FL622_07805	0	0	0	1	1	0
FL622_07810	0	0	0	1	1	0
FL622_07820	0	0	1	2	1	1
FL622_07825	0	0	1	2	2	3
FL622_07830	0	0	1	4	2	1
FL622_07835	0	0	0	0	0	0
FL622_07840	0	0	0	0	0	0
FL622_07845	1	0	2	1	0	1
FL622_07850	0	0	0	0	0	0
FL622_07855	0	0	0	0	0	0
FL622_07860	2	1	0	1	0	2
FL622_07865	0	0	0	0	0	0
FL622_07870	2	4	3	2	1	0
FL622_07875	3	3	4	2	2	0
FL622_07880	0	0	0	0	3	1
FL622_07885	6	16	6	20	19	5
FL622_07890	0	2	4	7	3	3
FL622_07895	1	0	0	2	1	2
FL622_07900	0	0	1	0	1	1
FL622_07905	0	0	0	0	0	0
FL622_07910	0	0	0	1	1	0
FL622_07915	4	3	2	1	2	1
FL622_07920	6	4	8	0	0	1
FL622_07940	0	0	0	1	0	0
FL622_07945	0	0	0	2	1	0
FL622_07950	0	0	1	2	1	2
FL622_07955	0	1	1	5	1	1
FL622_07960	1	2	0	1	0	0
FL622_07965	1	2	1	0	2	1
FL622_07970	1	0	0	0	7	3
FL622_07975	88	17	76	293	226	259
FL622_07980	11	7	20	279	230	162
FL622_07985	1	1	1	8	11	6
FL622_07990	3	0	6	17	18	9
FL622_07995	37	16	30	24	29	8
FL622_08000	11	9	9	3	11	8
FL622_08005	0	0	0	1	0	0
FL622_08010	0	0	0	0	2	1
FL622_08015	0	0	1	5	3	1
FL622_08020	0	2	2	1	0	0
FL622_08025	0	0	0	0	2	0
FL622_08030	0	0	1	0	0	0
FL622_08035	0	0	0	3	1	1
FL622_08040	0	0	2	8	3	4
FL622_08045	7	7	7	20	17	27
FL622_08050	4	12	13	19	18	20
FL622_08055	2	0	0	2	0	2
FL622_08060	6	5	10	8	7	4
FL622_08065	2	5	3	1	1	1
FL622_08070	0	1	0	0	1	0
FL622_08075	0	0	0	0	0	0
FL622_08080	0	0	1	0	0	0
FL622_08085	0	0	0	0	4	0
FL622_08090	0	0	0	0	0	0
FL622_08095	0	0	0	0	1	1
FL622_08100	0	0	0	0	0	0
FL622_08105	0	2	1	0	0	1
FL622_08110	3	6	13	1	1	0
FL622_08115	0	0	3	1	0	0
FL622_08120	0	1	0	1	0	3
FL622_08125	0	0	1	1	3	2
FL622_08130	0	0	4	1	1	0
FL622_08135	0	2	1	1	1	2
FL622_08140	0	0	2	4	4	5
FL622_08145	0	1	1	6	2	2
FL622_08150	1	0	0	4	1	1
FL622_08155	3	5	3	39	18	19
FL622_08160	4	4	2	4	1	1
FL622_08165	0	1	0	0	0	0
FL622_08170	1	0	1	0	0	0
FL622_08175	0	1	0	1	0	0
FL622_08185	5	4	4	52	24	33
FL622_08190	4	3	5	22	13	12
FL622_08195	3	2	3	56	19	18
FL622_08200	15	6	21	177	87	79
FL622_08205	46	50	80	500	240	304
FL622_08210	2	2	2	36	24	4
FL622_08215	10	21	61	7	18	6
FL622_08220	1	1	1	57	30	21
FL622_08225	0	0	1	1	0	0
FL622_08230	1	1	0	9	3	6
FL622_08235	0	2	0	5	2	4
FL622_08240	0	0	0	6	2	3
FL622_08245	0	1	2	16	9	3
FL622_08250	0	0	0	3	2	3
FL622_08255	0	0	1	2	3	1
FL622_08260	2	4	1	3	2	6
FL622_08265	7	10	21	79	67	74
FL622_08275	1	2	4	8	4	0
FL622_08280	3	2	0	2	4	2
FL622_08285	2	1	0	2	1	0
FL622_08290	5	1	5	2	5	3
FL622_08295	0	0	0	2	2	2
FL622_08300	0	0	3	3	5	5
FL622_08310	2	5	3	101	69	51
FL622_08315	0	0	0	0	1	0
FL622_08320	0	0	0	3	2	1
FL622_08325	0	3	0	4	1	1
FL622_08330	0	1	0	3	2	2
FL622_08335	0	0	3	1	3	0
FL622_08340	2	0	0	0	1	0
FL622_08345	0	3	1	0	0	0
FL622_08350	1	1	1	2	2	3
FL622_08355	14	19	22	17	16	26
FL622_08360	0	2	1	27	11	6
FL622_08365	0	1	2	0	0	2
FL622_08370	0	1	3	1	1	0
FL622_08375	0	5	5	3	4	2
FL622_08380	0	8	9	5	1	0
FL622_08385	1	0	3	1	1	1
FL622_08390	4	2	5	1	1	3
FL622_08395	0	1	1	6	2	1
FL622_08400	2	8	4	2	3	2
FL622_08405	0	1	0	0	1	2
FL622_08410	1	4	1	0	4	5
FL622_08415	0	1	2	7	2	2
FL622_08420	0	1	0	0	1	1
FL622_08425	0	0	2	6	6	8
FL622_08430	1	7	1	12	11	8
FL622_08435	12	12	10	9	12	14
FL622_08440	1	6	6	13	4	3
FL622_08445	19	25	17	36	44	30
FL622_08450	0	0	0	0	3	1
FL622_08455	1	0	2	4	3	3
FL622_08460	0	1	1	0	4	0
FL622_08465	3	1	3	83	74	35
FL622_08470	3	1	3	46	32	26
FL622_08475	0	2	0	44	43	17
FL622_08480	19	11	14	154	148	83
FL622_08485	10	6	13	119	96	53
FL622_08490	2	2	1	20	14	9
FL622_08495	0	2	0	0	0	0
FL622_08500	1	0	2	0	1	0
FL622_08505	0	0	0	1	1	0
FL622_08510	1	1	1	2	5	1
FL622_08515	0	0	0	1	2	1
FL622_08520	0	0	0	0	0	0
FL622_08525	0	0	0	0	0	0
FL622_08530	0	0	0	0	0	1
FL622_08535	0	0	0	0	2	1
FL622_08540	0	1	0	0	0	1
FL622_08545	0	0	0	0	1	0
FL622_08550	0	0	0	2	0	0
FL622_08555	0	1	1	2	1	3
FL622_08560	0	0	0	0	0	1
FL622_08565	0	0	0	0	0	0
FL622_08570	1	0	0	0	0	0
FL622_08575	0	0	0	0	1	2
FL622_08580	0	2	3	1	0	0
FL622_08585	0	0	0	1	0	0
FL622_08590	0	0	0	0	0	0
FL622_08595	1	4	6	3	1	2
FL622_08600	0	1	2	5	6	5
FL622_08605	0	0	0	0	0	0
FL622_08610	6	7	15	3	3	2
FL622_08615	0	1	0	2	0	1
FL622_08620	0	0	0	0	0	0
FL622_08625	29	32	49	3	6	4
FL622_08630	28	25	37	1	3	2
FL622_08635	1	0	3	2	1	1
FL622_08640	1	1	1	4	1	2
FL622_08645	0	0	0	1	0	1
FL622_08650	0	2	8	13	7	6
FL622_08655	0	2	1	0	3	0
FL622_08660	5	8	6	3	2	3
FL622_08665	1	0	0	0	3	0
FL622_08670	0	0	0	1	1	1
FL622_08675	3	2	6	51	130	19
FL622_08680	8	13	16	48	118	28
FL622_08685	0	0	0	0	0	0
FL622_08695	2	3	2	10	0	1
FL622_08700	0	0	1	1	3	1
FL622_08705	2	0	2	0	4	0
FL622_08710	1	4	3	3	3	0
FL622_08715	1	0	8	4	10	7
FL622_08720	1	1	2	1	1	1
FL622_08725	4	4	7	0	1	1
FL622_08730	1	1	0	0	0	0
FL622_08735	0	0	0	0	0	0
FL622_08740	0	0	0	0	0	0
FL622_08745	0	2	1	3	4	0
FL622_08750	2	1	1	10	10	3
FL622_08755	0	2	0	7	1	4
FL622_08760	1	4	4	7	10	3
FL622_08765	1	0	2	3	2	2
FL622_08770	0	0	0	0	2	0
FL622_08775	1	2	0	3	1	1
FL622_08780	0	1	1	1	1	1
FL622_08785	0	0	0	2	1	1
FL622_08790	0	2	1	3	2	1
FL622_08795	0	0	0	0	0	0
FL622_08800	0	0	1	0	3	1
FL622_08805	0	0	3	1	1	1
FL622_08810	0	0	0	0	0	0
FL622_08820	0	0	0	0	1	0
FL622_08830	0	0	0	1	0	1
FL622_08835	0	0	0	0	0	0
FL622_08840	0	0	0	1	1	1
FL622_08845	0	0	0	1	1	0
FL622_08850	0	0	0	1	0	0
FL622_08855	0	0	0	1	3	0
FL622_08860	0	0	1	5	5	3
FL622_08865	0	0	0	0	1	0
FL622_08870	0	0	0	0	0	0
FL622_08875	0	0	0	1	1	0
FL622_08880	1	0	1	2	1	1
FL622_08885	0	1	1	0	0	1
FL622_08890	0	0	0	0	0	1
FL622_08895	1	2	2	10	12	0
FL622_08900	3	3	3	8	17	7
FL622_08905	0	0	0	3	2	1
FL622_08910	1	0	0	0	0	1
FL622_08915	1	2	1	6	12	5
FL622_08920	2	3	1	17	16	4
FL622_08925	1	3	2	3	7	5
FL622_08930	0	0	1	5	5	3
FL622_08935	0	0	0	6	6	2
FL622_08940	3	2	1	20	22	10
FL622_08950	1	1	2	3	0	1
FL622_08955	0	0	1	2	0	0
FL622_08960	0	1	0	3	0	0
FL622_08965	1	1	3	0	3	0
FL622_08970	0	1	0	0	1	0
FL622_08975	0	0	1	4	0	0
FL622_08985	1	0	0	0	0	0
FL622_08990	0	4	0	1	0	2
FL622_08995	0	2	1	0	1	4
FL622_09000	1	1	0	0	1	0
FL622_09005	1	5	6	4	1	1
FL622_09015	16	21	20	60	57	32
FL622_09020	10	11	12	60	53	38
FL622_09025	1	0	0	2	2	0
FL622_09030	1	0	0	1	0	0
FL622_09035	4	5	2	6	3	1
FL622_09040	714	543	720	56	468	75
FL622_09045	579	508	731	41	357	52
FL622_09050	416	377	600	30	373	41
FL622_09055	165	125	147	5	72	3
FL622_09060	281	221	277	18	111	15
FL622_09065	245	242	354	13	90	26
FL622_09070	328	296	467	14	52	19
FL622_09075	459	393	542	12	68	11
FL622_09080	238	319	493	51	147	46
FL622_09085	312	397	521	70	91	31
FL622_09090	110	149	145	8	25	10
FL622_09095	165	249	355	14	17	24
FL622_09100	313	289	395	7	10	6
FL622_09105	213	235	282	2	5	4
FL622_09110	105	109	103	4	9	6
FL622_09115	0	1	1	2	3	0
FL622_09120	7	10	5	3	3	4
FL622_09125	17	22	21	185	108	89
FL622_09130	3	5	5	71	75	47
FL622_09135	13	11	18	11	11	9
FL622_09140	1	0	0	5	0	1
FL622_09145	2	0	3	12	7	10
FL622_09150	0	1	0	2	1	4
FL622_09155	1	0	1	4	0	0
FL622_09160	0	1	2	4	4	0
FL622_09165	2	2	2	0	1	0
FL622_09170	1	0	0	5	4	5
FL622_09175	0	0	2	15	7	9
FL622_09180	0	0	0	2	2	0
FL622_09185	0	0	1	5	1	3
FL622_09190	4	6	8	4	7	2
FL622_09195	0	0	0	1	4	0
FL622_09200	0	0	1	0	2	0
FL622_09205	1	1	4	4	0	2
FL622_09210	2	0	2	0	0	0
FL622_09215	4	1	1	1	0	0
FL622_09220	0	1	0	0	0	0
FL622_09225	27	18	40	102	71	68
FL622_09230	15	21	42	146	81	51
FL622_09235	2	5	8	19	14	11
FL622_09245	19	11	44	77	49	50
FL622_09250	15	11	15	18	18	15
FL622_09255	18	21	40	86	42	50
FL622_09260	13	9	9	31	20	18
FL622_09265	25	20	30	49	34	29
FL622_09270	5	11	2	4	3	7
FL622_09275	1	0	1	5	7	5
FL622_09280	0	3	4	0	4	1
FL622_09285	0	0	0	1	2	0
FL622_09290	1	4	3	0	2	0
FL622_09295	2	0	1	1	1	0
FL622_09300	0	0	4	1	1	2
FL622_09305	2	3	1	1	1	1
FL622_09310	1	1	1	0	0	0
FL622_09315	1	2	1	0	0	1
FL622_09320	1	3	3	2	3	0
FL622_09325	0	0	4	1	2	1
FL622_09330	0	0	0	2	3	0
FL622_09335	0	0	1	3	1	0
FL622_09340	0	3	0	3	4	3
FL622_09345	5	5	5	1	1	3
FL622_09350	13	9	6	0	0	0
FL622_09365	1	1	0	1	1	1
FL622_09370	0	0	1	4	0	2
FL622_09375	0	3	1	0	0	2
FL622_09380	0	1	1	3	5	2
FL622_09385	0	0	1	6	9	7
FL622_09390	2	2	1	1	1	0
FL622_09395	0	1	0	0	0	0
FL622_09400	0	0	0	3	2	1
FL622_09405	0	5	2	2	4	0
FL622_09410	1	0	0	1	1	1
FL622_09415	1	2	1	1	1	1
FL622_09420	1	5	4	3	0	3
FL622_09425	4	2	0	2	0	1
FL622_09430	0	3	1	1	0	0
FL622_09435	1	13	13	3	1	2
FL622_09440	0	0	0	0	1	0
FL622_09445	0	2	3	0	4	0
FL622_09450	0	0	1	1	2	0
FL622_09455	0	4	5	1	1	1
FL622_09460	0	0	0	0	0	0
FL622_09465	0	2	5	15	9	12
FL622_09470	0	1	0	14	13	4
FL622_09475	0	4	1	6	11	6
FL622_09480	4	1	4	8	6	5
FL622_09485	2	2	4	6	8	4
FL622_09490	0	0	0	1	0	1
FL622_09495	2	1	1	3	4	0
FL622_09500	0	0	0	1	0	0
FL622_09505	0	0	1	0	0	0
FL622_09510	1	1	3	2	2	1
FL622_09515	0	0	0	2	0	0
FL622_09520	0	0	1	1	0	0
FL622_09525	1	3	3	0	0	1
FL622_09530	0	0	1	2	0	0
FL622_09535	0	1	1	0	0	0
FL622_09540	2	1	0	0	1	1
FL622_09545	2	1	1	0	1	2
FL622_09550	0	0	0	0	2	0
FL622_09555	3	1	0	2	3	1
FL622_09560	4	1	8	1	6	2
FL622_09565	2	1	2	8	19	8
FL622_09570	2	2	0	6	3	0
FL622_09575	1	0	0	1	3	1
FL622_09580	0	0	0	1	1	0
FL622_09585	0	1	1	1	2	1
FL622_09590	0	0	0	0	0	0
FL622_09595	0	5	4	2	4	1
FL622_09600	0	0	0	0	0	1
FL622_09605	3	3	5	55	42	16
FL622_09610	0	0	0	0	0	0
FL622_09615	8	11	2	20	15	19
FL622_09625	2	2	0	3	0	3
FL622_09630	1	0	2	0	1	0
FL622_09635	12	19	20	7	9	6
FL622_09640	0	3	0	1	4	1
FL622_09645	0	1	0	5	2	3
FL622_09650	0	0	0	0	1	0
FL622_09655	1	2	0	1	2	0
FL622_09660	0	1	0	3	2	1
FL622_09665	0	1	2	0	3	0
FL622_09670	0	0	0	0	0	1
FL622_09675	2	0	1	0	1	1
FL622_09685	0	12	2	0	0	0
FL622_09690	0	0	1	12	18	5
FL622_09695	0	1	0	12	14	3
FL622_09700	0	0	1	2	5	3
FL622_09705	0	0	0	1	0	1
FL622_09710	1	5	9	7	3	4
FL622_09715	0	0	0	2	1	1
FL622_09720	0	0	0	1	0	0
FL622_09725	0	0	0	1	3	2
FL622_09730	0	0	0	1	0	0
FL622_09735	0	1	1	0	4	1
FL622_09740	0	0	0	0	0	0
FL622_09745	0	0	0	2	0	0
FL622_09750	0	0	0	0	0	0
FL622_09755	2	4	1	16	20	5
FL622_09760	1	0	0	0	1	0
FL622_09765	0	2	2	2	7	0
FL622_09770	4	4	7	4	4	4
FL622_09775	1	1	0	2	1	3
FL622_09780	0	0	0	1	0	1
FL622_09785	0	2	0	1	0	0
FL622_09790	0	0	0	6	1	0
FL622_09795	0	0	0	0	1	1
FL622_09800	0	0	1	0	1	0
FL622_09805	1	0	0	0	0	0
FL622_09810	1	2	1	3	6	2
FL622_09815	0	0	1	3	13	0
FL622_09820	0	0	0	0	0	0
FL622_09825	0	0	0	1	1	1
FL622_09830	0	0	0	1	1	1
FL622_09835	2	0	1	1	0	0
FL622_09840	1	1	0	2	0	1
FL622_09845	0	2	2	4	1	1
FL622_09850	0	1	0	3	1	0
FL622_09855	2	5	2	79	56	63
FL622_09860	0	0	0	4	6	4
FL622_09865	0	1	0	4	6	0
FL622_09870	0	0	0	8	0	3
FL622_09875	0	0	0	4	0	1
FL622_09880	0	0	0	3	0	2
FL622_09885	18	34	34	31	34	20
FL622_09890	0	2	1	4	9	5
FL622_09895	1	0	0	0	1	3
FL622_09900	0	0	1	2	4	1
FL622_09905	2	0	0	3	1	1
FL622_09910	0	1	2	1	2	0
FL622_09915	0	0	0	0	0	0
FL622_09920	0	0	0	1	0	0
FL622_09925	0	1	0	0	2	0
FL622_09930	2	1	4	5	5	3
FL622_09935	35	32	33	5	4	5
FL622_09940	0	0	2	1	0	1
FL622_09950	0	0	0	0	0	0
FL622_09955	0	0	0	0	0	0
FL622_09960	3	0	1	0	0	1
FL622_09965	14	13	5	9	9	2
FL622_09970	5	3	3	4	7	9
FL622_09975	3	5	0	6	3	2
FL622_09980	4	6	2	17	3	10
FL622_09985	5	11	13	2	4	3
FL622_09990	2	6	3	10	2	6
FL622_10000	0	0	2	2	2	0
FL622_10005	3	3	8	3	7	2
FL622_10010	1	1	11	7	1	5
FL622_10015	2	4	3	4	3	4
FL622_10020	1	1	2	1	0	2
FL622_10025	0	0	0	0	0	0
FL622_10030	0	1	0	2	0	0
FL622_10035	4	13	6	1	2	1
FL622_10040	4	4	6	0	4	1
FL622_10045	0	0	1	0	0	0
FL622_10050	0	0	1	1	0	0
FL622_10055	0	0	0	1	1	0
FL622_10060	0	2	0	1	2	0
FL622_10065	1	1	0	3	2	1
FL622_10070	1	0	0	0	0	0
FL622_10075	0	0	0	0	0	0
FL622_10080	1	1	1	0	0	0
FL622_10085	3	0	3	4	2	3
FL622_10090	8	3	6	9	10	10
FL622_10095	10	9	15	71	61	98
FL622_10100	2	8	6	11	11	12
FL622_10105	8	7	4	8	7	12
FL622_10110	1	1	2	3	2	1
FL622_10115	341	434	504	54	90	35
FL622_10120	0	5	0	4	4	2
FL622_10125	5	3	6	6	6	4
FL622_10130	1	2	5	3	4	0
FL622_10135	2	5	6	5	8	6
FL622_10140	11	9	15	10	10	3
FL622_10145	6	13	19	4	9	2
FL622_10150	3	9	8	3	8	2
FL622_10155	9	26	33	9	8	2
FL622_10160	0	3	4	0	1	2
FL622_10165	16	28	51	5	8	4
FL622_10170	1	11	16	3	0	1
FL622_10175	4	19	27	2	2	0
FL622_10180	13	27	21	3	5	0
FL622_10190	3	12	12	2	3	2
FL622_10195	30	25	29	2	7	1
FL622_10200	10	24	32	8	9	6
FL622_10205	0	0	1	0	0	0
FL622_10210	4	8	13	3	5	5
FL622_10215	8	7	12	10	9	8
FL622_10220	2	6	3	4	5	5
FL622_10225	2	1	4	2	3	6
FL622_10230	15	23	35	60	66	49
FL622_10235	1	1	0	18	6	8
FL622_10240	0	2	0	9	3	4
FL622_10245	1	1	2	3	4	4
FL622_10250	3	2	5	6	2	4
FL622_10255	1	1	4	15	9	9
FL622_10260	0	0	2	9	4	5
FL622_10265	1	0	5	9	15	10
FL622_10270	1	1	2	33	19	10
FL622_10275	1	2	7	54	39	18
FL622_10280	0	0	1	6	6	10
FL622_10285	0	0	1	15	4	11
FL622_10290	1	1	0	15	5	3
FL622_10295	0	0	0	2	4	2
FL622_10300	2	1	2	6	12	6
FL622_10305	1	1	0	13	7	8
FL622_10310	1	1	4	7	3	4
FL622_10315	1	2	2	6	4	2
FL622_10320	0	0	2	1	0	1
FL622_10325	0	0	0	0	0	0
FL622_10330	0	0	0	0	1	0
FL622_10335	7	3	3	4	2	2
FL622_10340	3	2	7	3	4	2
FL622_10345	11	11	13	0	0	0
FL622_10350	1	0	1	8	3	3
FL622_10355	0	0	0	12	4	1
FL622_10360	1	1	3	16	12	6
FL622_10365	0	0	2	6	6	4
FL622_10370	3	2	1	7	3	1
FL622_10375	6	10	12	12	13	9
FL622_10380	0	0	1	0	1	0
FL622_10385	306	342	325	173	195	158
FL622_10390	148	181	164	146	136	117
FL622_10395	103	141	261	443	351	416
FL622_10400	36	54	53	134	99	96
FL622_10405	63	74	73	68	54	69
FL622_10415	0	3	3	5	5	3
FL622_10420	0	0	1	2	2	0
FL622_10425	0	0	0	0	0	0
FL622_10430	0	0	0	2	4	2
FL622_10435	0	0	0	0	1	1
FL622_10440	0	1	1	8	2	1
FL622_10445	17	4	10	188	115	58
FL622_10450	0	0	0	2	2	0
FL622_10455	0	0	1	2	1	0
FL622_10460	1	4	5	37	15	11
FL622_10465	2	1	6	11	14	10
FL622_10470	0	0	1	0	2	3
FL622_10475	0	1	1	2	1	1
FL622_10480	0	2	2	1	2	1
FL622_10485	1	5	3	1	0	1
FL622_10490	0	0	0	5	8	3
FL622_10495	0	2	2	20	36	8
FL622_10500	0	0	1	1	4	1
FL622_10505	5	3	4	4	1	2
FL622_10510	2	3	5	0	1	2
FL622_10515	2	6	6	2	7	3
FL622_10520	7	8	8	4	1	1
FL622_10530	0	2	0	0	1	0
FL622_10535	0	4	11	2	2	0
FL622_10540	1	0	0	1	1	1
FL622_10545	1	1	1	0	0	0
FL622_10550	1	3	3	1	1	2
FL622_10555	0	2	2	1	0	0
FL622_10560	1	1	0	2	0	1
FL622_10565	0	2	2	0	2	0
FL622_10570	1	1	0	2	2	0
FL622_10575	2	1	2	0	2	0
FL622_10580	1	3	5	27	31	11
FL622_10585	25	24	25	10	10	4
FL622_10590	2	2	0	4	5	1
FL622_10595	0	0	0	0	0	0
FL622_10600	0	3	1	1	0	0
FL622_10605	3	6	4	3	2	3
FL622_10610	6	2	4	30	17	24
FL622_10615	2	1	5	11	7	4
FL622_10620	21	15	12	61	33	29
FL622_10625	14	5	16	7	7	8
FL622_10630	2	0	3	6	3	9
FL622_10635	0	1	1	0	1	0
FL622_10640	0	0	0	0	0	1
FL622_10645	1	1	0	1	0	0
FL622_10650	0	0	0	3	1	0
FL622_10655	1	5	2	16	7	4
FL622_10660	0	0	0	0	1	0
FL622_10665	0	1	3	1	2	1
FL622_10670	11	17	19	90	125	77
FL622_10675	12	16	13	46	61	41
FL622_10680	3	2	1	5	2	0
FL622_10685	2	1	1	3	0	0
FL622_10690	0	0	0	0	1	1
FL622_10695	2	2	0	4	1	0
FL622_10700	0	0	0	1	1	0
FL622_10705	18	22	27	8	13	4
FL622_10725	0	0	1	1	0	0
FL622_10735	0	1	1	8	3	1
FL622_10740	1	0	1	1	0	1
FL622_10745	0	2	1	4	2	0
FL622_10750	1	3	2	0	1	1
FL622_10755	1	3	1	6	1	5
FL622_10760	6	12	9	5	3	8
FL622_10765	2	2	5	6	4	4
FL622_10770	0	1	0	3	1	2
FL622_10775	2	0	3	1	3	2
FL622_10780	0	1	1	1	2	1
FL622_10785	0	2	2	3	0	0
FL622_10790	0	0	0	0	0	0
FL622_10795	1	0	0	0	0	1
FL622_10805	17	21	17	38	22	47
FL622_10810	1	4	2	9	3	4
FL622_10815	4	6	11	25	21	28
FL622_10820	0	0	1	0	0	1
FL622_10825	0	0	0	0	0	0
FL622_10830	0	0	0	0	0	0
FL622_10835	2	6	1	5	2	5
FL622_10840	4	6	8	13	7	9
FL622_10850	0	0	0	0	0	0
FL622_10855	0	0	0	0	0	0
FL622_10860	1	0	1	2	2	0
FL622_10870	1	1	1	2	1	0
FL622_10875	0	1	1	1	0	0
FL622_10880	0	0	1	1	4	4
FL622_10885	5	7	13	14	14	7
FL622_10890	22	23	22	7	5	5
FL622_10895	0	0	1	1	0	0
FL622_10900	1	0	0	0	0	1
FL622_10905	0	0	0	1	1	0
FL622_10910	0	1	0	5	1	1
FL622_10915	0	0	1	4	2	1
FL622_10920	0	0	0	4	0	1
FL622_10925	1	7	6	8	4	7
FL622_10930	0	1	4	2	2	5
FL622_10935	21	23	41	89	183	99
FL622_10940	1	0	0	9	8	0
FL622_10945	0	2	0	2	1	9
FL622_10950	5	10	5	2	12	2
FL622_10955	0	0	1	1	1	0
FL622_10960	0	1	0	1	1	0
FL622_10965	26	47	21	30	23	29
FL622_10970	35	44	22	98	86	72
FL622_10975	0	0	0	0	1	0
FL622_10990	2	3	4	0	1	3
FL622_10995	2	4	2	2	4	1
FL622_11000	1	4	6	20	5	4
FL622_11005	5	20	16	15	13	6
FL622_11010	0	3	7	1	0	1
FL622_11015	0	2	3	0	2	5
FL622_11020	0	0	2	2	1	0
FL622_11025	6	11	8	2	1	2
FL622_11030	0	2	3	0	4	4
FL622_11035	1	1	0	0	2	0
FL622_11040	0	3	1	0	2	0
FL622_11045	0	0	1	0	2	1
FL622_11050	2	4	1	2	8	4
FL622_11055	0	0	0	13	10	4
FL622_11060	2	4	2	25	26	12
FL622_11065	0	0	0	3	1	1
FL622_11070	0	0	0	2	3	0
FL622_11075	0	0	3	1	0	0
FL622_11080	0	1	0	0	0	1
FL622_11085	0	0	0	0	1	0
FL622_11090	0	0	0	2	0	0
FL622_11095	1	4	1	3	0	4
FL622_11100	0	0	0	0	0	3
FL622_11105	0	0	1	0	1	0
FL622_11110	0	0	0	0	1	2
FL622_11115	0	0	1	0	0	1
FL622_11120	2	1	1	1	1	5
FL622_11125	8	0	15	8	11	3
FL622_11130	0	0	2	4	0	1
FL622_11135	0	0	0	2	0	1
FL622_11140	1	0	1	1	1	0
FL622_11145	1	0	3	15	5	5
FL622_11150	0	0	1	1	1	0
FL622_11155	0	0	1	3	2	2
FL622_11160	9	9	5	4	3	1
FL622_11165	3	6	7	1	1	0
FL622_11170	3	15	25	2	6	1
FL622_11175	17	31	62	2	3	2
FL622_11180	1	1	0	1	1	1
FL622_11185	18	35	50	7	6	6
FL622_11190	14	8	11	6	8	10
FL622_11195	3	1	3	7	1	1
FL622_11200	12	11	8	13	6	5
FL622_11205	7	14	9	20	23	19
FL622_11210	0	1	0	1	0	2
FL622_11215	1	5	3	5	4	3
FL622_11220	6	7	14	49	25	30
FL622_11225	1	5	3	9	10	12
FL622_11230	1	0	0	2	2	2
FL622_11235	3	1	3	4	3	1
FL622_11240	2	3	0	3	1	0
FL622_11245	0	0	0	2	0	1
FL622_11250	1	0	1	3	1	0
FL622_11255	1	1	4	0	1	0
FL622_11260	0	0	0	2	0	0
FL622_11265	0	1	0	4	7	2
FL622_11270	0	0	0	3	4	2
FL622_11275	0	0	0	11	1	3
FL622_11280	0	0	0	9	11	4
FL622_11285	4	7	3	34	18	19
FL622_11290	1	2	1	1	2	1
FL622_11295	0	0	0	1	0	0
FL622_11300	13	6	9	0	5	2
FL622_11305	0	0	0	0	0	0
FL622_11310	2	0	1	4	3	1
FL622_11330	2	0	2	2	1	1
FL622_11335	0	1	0	1	1	1
FL622_11340	0	1	2	2	0	1
FL622_11345	0	2	2	0	0	0
FL622_11350	1	0	0	1	1	0
FL622_11355	1	0	1	0	0	0
FL622_11360	0	0	1	1	0	0
FL622_11365	0	6	4	0	5	1
FL622_11370	1	1	0	1	3	1
FL622_11375	1	0	2	3	3	1
FL622_11380	3	2	0	0	1	1
FL622_11385	0	2	1	2	3	0
FL622_11390	1	1	1	3	1	1
FL622_11395	0	0	0	0	0	0
FL622_11400	5	2	2	6	5	4
FL622_11405	0	1	1	4	5	2
FL622_11410	0	0	2	7	2	1
FL622_11415	1	0	0	5	5	5
FL622_11420	2	0	2	1	4	3
FL622_11425	6	1	4	19	17	12
FL622_11430	0	1	1	3	1	1
FL622_11435	1	1	0	1	0	2
FL622_11440	0	1	1	0	0	0
FL622_11445	0	0	0	0	0	0
FL622_11450	0	1	2	1	0	0
FL622_11455	1	2	4	0	2	1
FL622_11460	0	0	0	0	0	0
FL622_11465	2	1	3	30	12	36
FL622_11470	1	3	1	9	8	4
FL622_11475	14	15	6	1	3	1
FL622_11480	93	81	78	22	18	24
FL622_11485	0	1	2	2	2	0
FL622_11490	2	7	2	4	0	0
FL622_11500	1	0	0	0	0	0
FL622_11505	0	2	1	2	6	0
FL622_11510	7	6	6	2	0	0
FL622_11515	0	0	0	0	0	0
FL622_11520	1	0	0	0	0	0
FL622_11525	0	0	0	1	3	0
FL622_11530	0	0	1	3	0	1
FL622_11535	0	0	1	0	0	2
FL622_11540	0	0	1	1	3	0
FL622_11545	5	4	1	2	4	0
FL622_11550	0	0	2	4	3	1
FL622_11555	3	2	4	2	2	0
FL622_11560	1	2	1	2	3	2
FL622_11565	0	0	1	0	2	0
FL622_11570	0	0	0	0	0	0
FL622_11575	13	7	17	8	19	12
FL622_11580	0	0	1	1	0	0
FL622_11585	1	0	3	0	2	1
FL622_11595	4	2	1	4	3	1
FL622_11600	9	8	11	2	3	0
FL622_11605	6	5	14	3	2	1
FL622_11610	3	4	4	0	1	0
FL622_11615	7	6	9	2	6	2
FL622_11620	0	0	0	0	0	1
FL622_11625	0	1	1	1	3	0
FL622_11630	1	0	5	2	6	2
FL622_11635	1	3	1	1	1	0
FL622_11640	2	4	2	1	0	2
FL622_11645	3	7	8	6	9	1
FL622_11650	2	0	2	10	0	2
FL622_11655	1	1	0	0	2	0
FL622_11660	2	3	4	1	2	3
FL622_11665	1	0	1	0	0	0
FL622_11670	175	144	184	56	74	38
FL622_11675	9	21	17	27	12	14
FL622_11680	5	5	1	17	9	5
FL622_11685	6	4	7	0	0	0
FL622_11690	4	6	5	1	1	0
FL622_11695	1	9	7	3	2	1
FL622_11700	0	0	0	3	2	0
FL622_11705	0	0	0	1	1	1
FL622_11710	0	2	2	4	3	2
FL622_11715	8	3	2	5	3	2
FL622_11720	0	0	0	3	2	0
FL622_11725	0	0	0	2	0	0
FL622_11730	0	1	1	1	0	1
FL622_11735	0	2	0	2	1	0
FL622_11740	0	0	0	1	2	0
FL622_11745	2	0	1	5	4	3
FL622_11750	0	0	0	1	1	1
FL622_11755	0	0	0	0	1	0
FL622_11760	0	0	0	1	0	0
FL622_11765	0	1	0	0	2	0
FL622_11770	0	0	0	0	2	0
FL622_11775	0	1	0	1	0	1
FL622_11780	1	2	1	1	0	0
FL622_11785	11	13	9	0	2	1
FL622_11790	3	1	4	5	0	3
FL622_11795	7	10	14	6	8	5
FL622_11800	0	1	0	1	0	0
FL622_11805	13	4	22	57	49	64
FL622_11810	70	26	98	100	87	127
FL622_11815	32	18	73	95	113	121
FL622_11820	117	53	165	98	101	192
FL622_11825	669	296	725	838	696	1155
FL622_11830	163	62	164	177	131	277
FL622_11840	15	14	28	49	31	51
FL622_11855	0	0	1	0	0	1
FL622_11860	0	0	1	1	0	0
FL622_11865	2	15	11	3	2	1
FL622_11870	3	13	10	6	7	3
FL622_11875	6	8	5	0	2	0
FL622_11880	1	1	0	0	1	0
FL622_11885	0	0	0	1	0	1
FL622_11890	0	1	3	0	0	1
FL622_11895	1	1	0	2	6	1
FL622_11900	2	1	2	6	6	0
FL622_11905	0	0	0	6	6	1
FL622_11910	0	1	0	2	0	0
FL622_11915	1	1	0	0	1	1
FL622_11920	7	2	3	3	3	5
FL622_11925	0	3	0	18	18	3
FL622_11930	2	1	6	32	16	14
FL622_11935	10	12	7	14	24	12
FL622_11940	0	0	1	0	0	0
FL622_11945	6	7	13	5	9	1
FL622_11950	4	4	6	6	5	0
FL622_11955	1	10	8	1	5	2
FL622_11960	120	98	148	34	40	18
FL622_11965	19	16	26	3	6	1
FL622_11970	10	4	13	23	26	16
FL622_11975	0	0	2	5	6	1
FL622_11980	2	2	4	7	5	6
FL622_11985	10	6	14	31	36	34
FL622_11990	0	1	0	1	0	1
FL622_11995	2	6	7	21	14	10
FL622_12050	4	4	5	13	15	3
FL622_12055	1	0	1	3	6	4
FL622_12060	1	4	2	4	5	2
FL622_12065	1	2	2	0	0	0
FL622_12070	5	0	6	11	6	1
FL622_12075	4	5	5	8	5	3
FL622_12080	0	0	2	0	1	0
FL622_12085	0	1	0	0	0	0
FL622_12090	1	5	5	0	6	3
FL622_12095	0	0	0	0	0	0
FL622_12100	1	1	0	2	1	2
FL622_12105	0	1	4	2	4	3
FL622_12110	1	0	3	0	1	0
FL622_12115	0	0	0	0	0	0
FL622_12120	0	0	0	1	1	1
FL622_12125	0	0	0	1	2	2
FL622_12130	1	1	0	21	26	15
FL622_12135	0	0	1	0	1	1
FL622_12140	0	3	1	1	2	0
FL622_12145	1	0	1	0	0	0
FL622_12150	0	0	1	0	1	0
FL622_12155	0	0	0	0	1	0
FL622_12160	1	0	0	1	0	0
FL622_12165	1	1	2	2	1	0
FL622_12170	0	1	2	0	1	1
FL622_12175	0	0	0	3	3	1
FL622_12180	0	3	3	9	6	9
FL622_12185	0	0	0	3	2	0
FL622_12190	3	3	8	8	10	5
FL622_12195	4	1	1	1	2	2
FL622_12200	4	0	3	3	2	0
FL622_12205	0	3	2	0	1	1
FL622_12210	4	5	5	3	0	1
FL622_12220	2	3	4	2	1	2
FL622_12225	1	0	3	4	2	1
FL622_12230	2	5	5	3	3	2
FL622_12235	10	22	21	14	12	9
FL622_12240	0	0	1	0	1	0
FL622_12245	1	2	1	3	0	0
FL622_12250	0	0	0	0	0	0
FL622_12255	0	0	0	0	0	1
FL622_12260	0	1	3	0	2	1
FL622_12265	3	8	9	1	0	1
FL622_12270	2	0	1	0	2	0
FL622_12275	5	2	1	1	0	0
FL622_12280	0	0	0	1	1	0
FL622_12285	0	0	0	0	2	1
FL622_12290	1	0	0	2	0	0
FL622_12295	0	4	0	1	1	3
FL622_12300	1	1	2	3	0	1
FL622_12305	0	0	0	2	0	2
FL622_12310	1	1	3	2	2	2
FL622_12315	1	1	2	11	7	4
FL622_12320	0	0	0	2	6	2
FL622_12325	1	0	2	23	14	6
FL622_12330	3	4	3	18	7	2
FL622_12335	1	2	0	4	2	1
FL622_12340	2	1	2	0	5	1
FL622_12345	5	9	4	2	3	0
FL622_12350	1	0	0	2	0	0
FL622_12355	3	0	1	3	3	0
FL622_12360	1	1	3	2	3	1
FL622_12365	1	0	0	1	1	0
FL622_12370	0	0	2	0	1	2
FL622_12375	4	1	2	17	8	8
FL622_12380	0	1	4	6	2	3
FL622_12385	0	0	0	0	0	0
FL622_12390	0	1	0	0	0	0
FL622_12395	0	0	1	0	1	1
FL622_12400	0	0	1	1	0	0
FL622_12405	0	0	0	3	0	0
FL622_12410	0	0	0	0	2	0
FL622_12415	0	0	0	1	0	0
FL622_12420	16	19	30	6	11	6
FL622_12425	0	2	3	6	7	6
FL622_12430	0	3	3	10	3	2
FL622_12435	3	9	5	20	11	14
FL622_12440	3	5	6	15	12	12
FL622_12445	0	0	2	1	0	1
FL622_12450	0	1	0	3	0	1
FL622_12455	0	0	0	0	1	0
FL622_12460	1	0	1	0	1	1
FL622_12465	0	0	0	1	0	0
FL622_12470	4	5	4	8	3	7
FL622_12475	27	21	15	20	24	29
FL622_12480	1	3	1	7	7	5
FL622_12485	0	1	1	3	7	2
FL622_12490	1	0	0	7	3	5
FL622_12495	0	1	0	4	1	2
FL622_12500	0	0	2	4	3	1
FL622_12505	0	0	0	0	0	0
FL622_12510	0	0	0	1	2	0
FL622_12515	1	0	3	0	0	0
FL622_12520	0	0	1	3	3	4
FL622_12525	0	3	0	1	1	1
FL622_12530	1	0	0	1	4	0
FL622_12540	2	1	1	0	6	0
FL622_12545	0	0	0	0	2	0
FL622_12550	0	1	1	0	4	1
FL622_12555	2	1	2	1	5	2
FL622_12560	4	4	5	5	4	1
FL622_12565	3	2	5	1	0	0
FL622_12570	3	8	12	2	3	0
FL622_12575	1	2	1	2	4	0
FL622_12580	3	6	4	0	7	1
FL622_12585	1	0	1	0	0	0
FL622_12590	0	0	2	0	0	0
FL622_12595	0	2	0	0	0	0
FL622_12600	0	1	1	0	0	0
FL622_12605	0	0	0	0	0	0
FL622_12610	10	6	9	32	32	21
FL622_12615	5	5	3	5	8	6
FL622_12620	1	2	1	1	0	1
FL622_12625	0	0	1	0	0	0
FL622_12630	1	0	0	0	1	0
FL622_12635	2	2	0	0	4	0
FL622_12640	0	0	0	0	0	0
FL622_12645	2	4	2	4	16	0
FL622_12650	0	1	1	6	3	2
FL622_12655	0	1	4	12	8	4
FL622_12660	1	1	2	6	4	2
FL622_12665	0	1	1	2	3	1
FL622_12670	4	5	4	29	25	31
FL622_12675	0	1	1	24	16	14
FL622_12680	0	0	0	2	0	0
FL622_12685	0	1	0	0	1	0
FL622_12690	1	2	1	7	9	12
FL622_12695	0	0	1	5	4	3
FL622_12700	0	0	1	6	3	1
FL622_12705	1	0	0	3	0	1
FL622_12710	0	0	0	8	7	6
FL622_12715	1	3	1	7	8	14
FL622_12720	0	0	1	12	8	4
FL622_12725	0	2	2	16	7	4
FL622_12730	0	0	1	2	1	2
FL622_12735	10	18	22	7	11	6
FL622_12740	11	4	16	17	23	6
FL622_12745	20	38	62	458	374	272
FL622_12750	0	0	1	1	1	0
FL622_12760	0	0	0	2	0	1
FL622_12765	0	1	2	3	0	1
FL622_12770	10	8	13	21	20	31
FL622_12775	7	4	9	7	9	3
FL622_12780	4	2	6	13	12	14
FL622_12785	8	3	7	12	4	12
FL622_12790	4	6	1	23	20	15
FL622_12795	12	17	28	209	194	169
FL622_12800	216	116	267	534	583	664
FL622_12805	13	11	23	27	23	28
FL622_12810	1	2	0	22	6	5
FL622_12815	11	8	11	46	29	25
FL622_12820	0	1	4	40	32	16
FL622_12825	1	1	4	41	29	18
FL622_12830	0	0	0	22	16	12
FL622_12835	5	5	14	4	6	7
FL622_12840	2	1	2	2	0	2
FL622_12845	0	0	2	4	7	3
FL622_12850	0	1	0	0	0	1
FL622_12855	0	2	3	0	0	1
FL622_12860	0	1	1	2	1	0
FL622_12865	0	1	0	2	3	0
FL622_12870	0	0	1	1	2	2
FL622_12875	2	1	1	1	3	0
FL622_12880	5	4	0	6	9	8
FL622_12885	1	1	3	6	3	7
FL622_12890	1	1	3	10	9	8
FL622_12900	0	0	0	0	1	0
FL622_12905	2	1	5	9	7	3
FL622_12910	0	0	1	5	2	3
FL622_12915	20	16	12	10	4	7
FL622_12920	3	2	0	6	7	5
FL622_12925	0	0	0	0	0	1
FL622_12930	0	0	0	4	0	2
FL622_12945	2	2	2	3	2	3
FL622_12950	0	0	1	2	2	0
FL622_12955	4	7	11	14	10	4
FL622_12960	0	1	0	0	0	0
FL622_12965	0	0	0	0	0	1
FL622_12970	0	0	0	0	0	0
FL622_12975	0	0	1	0	0	0
FL622_12980	0	1	0	0	2	0
FL622_12985	0	0	0	0	0	1
FL622_12990	8	4	7	38	27	28
FL622_12995	1	2	2	4	5	1
FL622_13000	2	4	4	5	3	3
FL622_13005	0	2	1	0	0	0
FL622_13010	5	2	2	4	12	4
FL622_13015	3	1	1	2	3	0
FL622_13020	1	0	0	0	4	1
FL622_13025	0	0	1	1	0	0
FL622_13030	1	1	0	2	3	3
FL622_13035	3	12	7	13	11	9
FL622_13040	0	2	3	4	4	3
FL622_13045	1	2	2	12	2	4
FL622_13050	1	3	3	3	0	1
FL622_13055	2	2	1	1	2	2
FL622_13060	2	3	2	8	3	4
FL622_13065	1	1	4	15	7	8
FL622_13070	1	1	0	0	1	2
FL622_13075	11	8	18	25	18	13
FL622_13080	1	1	1	10	6	3
FL622_13085	1	0	1	8	3	3
FL622_13090	1	0	0	4	5	3
FL622_13095	1	3	0	8	5	1
FL622_13100	4	5	4	28	30	14
FL622_13105	4	0	2	30	17	13
FL622_13110	12	6	10	69	64	47
FL622_13115	19	10	24	109	95	77
FL622_13120	2	1	5	6	3	5
FL622_13125	1	5	4	4	1	2
FL622_13145	23	46	37	6	6	4
FL622_13150	8	14	14	22	10	20
FL622_13155	35	54	58	87	64	63
FL622_13160	7	15	20	1	0	1
FL622_13165	8	25	15	0	0	1
FL622_13190	2	1	4	21	3	5
FL622_13195	31	43	25	43	37	47
FL622_13200	6	18	5	13	11	12
FL622_13205	0	1	0	1	1	1
FL622_13210	0	2	3	2	3	0
FL622_13215	2	4	5	3	5	2
FL622_13220	2	3	4	6	1	2
FL622_13225	0	0	0	3	1	2
FL622_13230	0	4	1	2	0	1
FL622_13235	1	0	0	1	1	3
FL622_13240	0	2	1	1	4	0
FL622_13245	0	0	4	0	0	2
FL622_13250	2	0	3	4	2	1
FL622_13255	0	3	1	1	2	2
FL622_13260	2	2	2	2	3	2
FL622_13265	128	127	121	76	89	109
FL622_13270	129	118	170	23	44	15
FL622_13275	263	242	344	34	74	25
FL622_13280	444	367	484	27	38	30
FL622_13285	22	22	31	51	90	58
FL622_13290	24	15	14	47	67	30
FL622_13295	1	0	3	4	3	3
FL622_13300	0	3	8	7	6	3
FL622_13305	1	1	2	7	1	0
FL622_13310	8	6	18	8	17	5
FL622_13315	0	0	0	0	0	0
FL622_13320	6	15	18	5	4	6
FL622_13325	28	45	62	6	17	12
FL622_13330	0	3	5	9	5	8
FL622_13335	0	1	2	1	2	0
FL622_13340	0	1	0	1	0	0
FL622_13345	1	0	0	1	0	0
FL622_13350	3	8	8	10	6	4
FL622_13355	2	1	2	1	2	1
FL622_13360	5	5	5	5	1	1
FL622_13365	1	0	0	0	0	0
FL622_13370	217	190	333	23	39	24
FL622_13375	238	182	258	20	43	12
FL622_13380	48	57	58	2	4	6
FL622_13385	90	95	132	9	16	8
FL622_13390	57	69	87	13	24	11
FL622_13395	84	94	156	3	20	6
FL622_13400	3	10	8	17	20	11
FL622_13405	16	8	14	6	12	2
FL622_13410	11	21	13	31	44	39
FL622_13415	1	2	0	2	0	2
FL622_13420	1	3	1	1	1	1
FL622_13425	0	0	0	2	2	1
FL622_13430	4	2	0	4	1	3
FL622_13435	0	0	0	1	1	0
FL622_13445	0	0	7	7	3	6
FL622_13450	3	5	7	22	16	10
FL622_13455	19	6	11	62	78	39
FL622_13460	0	0	2	0	0	0
FL622_13470	5	4	8	0	1	1
FL622_13475	4	2	2	13	14	8
FL622_13480	3	9	8	23	41	30
FL622_13485	4	0	3	20	45	11
FL622_13490	1	0	1	17	23	5
FL622_13495	0	0	0	1	0	1
FL622_13500	6	4	9	14	14	8
FL622_13505	2	0	5	41	16	21
FL622_13510	0	1	1	5	4	3
FL622_13515	0	0	0	1	1	1
FL622_13520	1	0	0	4	1	3
FL622_13525	0	1	0	5	4	5
FL622_13530	2	0	0	6	1	5
FL622_13540	3	8	4	21	14	17
FL622_13545	2	3	2	31	7	17
FL622_13550	7	8	6	51	27	66
FL622_13555	21	39	47	268	113	185
FL622_13560	6	12	20	88	60	79
FL622_13565	15	16	32	160	96	128
FL622_13570	1	3	6	56	32	39
FL622_13575	2	5	7	21	17	21
FL622_13580	0	1	1	12	3	9
FL622_13585	0	0	2	2	1	2
FL622_13590	0	0	0	1	0	3
FL622_13595	4	3	6	1	3	9
FL622_13600	9	12	29	4	3	8
FL622_13605	3	4	11	6	9	6
FL622_13610	0	0	0	2	2	0
FL622_13615	0	0	0	3	2	0
FL622_13620	1	0	1	0	1	3
FL622_13625	2	0	3	3	2	0
FL622_13630	5	7	8	12	13	7
FL622_13635	0	0	1	1	2	1
FL622_13640	3	5	9	0	3	6
FL622_13645	2	4	3	0	2	3
FL622_13650	0	0	0	1	0	0
FL622_13655	0	0	0	0	1	1
FL622_13660	0	1	0	1	0	0
FL622_13665	0	0	0	1	0	0
FL622_13670	0	0	0	0	1	0
FL622_13675	1	0	0	1	0	0
FL622_13680	0	0	0	0	1	1
FL622_13685	0	0	0	1	0	0
FL622_13690	10	13	10	207	129	105
FL622_13700	0	1	0	11	1	4
FL622_13705	1	2	0	1	0	0
FL622_13710	0	0	0	0	0	0
FL622_13715	1	0	0	0	0	0
FL622_13720	0	3	3	8	9	4
FL622_13725	3	2	8	7	7	2
FL622_13730	0	0	1	2	0	0
FL622_13740	1	3	3	8	6	1
FL622_13745	0	0	0	1	3	2
FL622_13750	0	1	1	6	4	1
FL622_13755	0	0	2	2	3	1
FL622_13760	2	1	0	5	3	0
FL622_13765	1	1	0	1	1	2
FL622_13770	0	1	1	5	3	1
FL622_13775	1	0	0	1	0	1
FL622_13780	11	16	13	1	1	0
FL622_13785	6	6	9	0	0	0
FL622_13790	0	0	0	0	0	0
FL622_13795	0	0	0	0	0	0
FL622_13800	0	0	0	1	1	0
FL622_13805	6	28	29	15	13	12
FL622_13810	3	5	5	8	13	10
FL622_13815	0	0	0	1	0	0
FL622_13820	4	3	9	2	3	1
FL622_13825	0	0	0	3	0	0
FL622_13830	0	0	0	0	2	0
FL622_13835	2	0	2	1	1	0
FL622_13840	27	70	81	13	37	9
FL622_13845	0	1	4	0	3	1
FL622_13850	0	1	0	0	0	0
FL622_13855	1	0	1	1	1	1
FL622_13860	0	0	1	2	1	1
FL622_13865	1	2	1	3	3	0
FL622_13870	1	1	5	4	4	0
FL622_13875	0	2	1	0	0	1
FL622_13880	0	2	2	0	2	0
FL622_13885	11	13	19	6	13	5
FL622_13890	1	2	5	4	10	3
FL622_13895	0	0	0	0	1	0
FL622_13900	0	0	0	0	0	0
FL622_13905	0	0	0	1	0	0
FL622_13910	1	1	1	1	0	0
FL622_13915	5	3	2	3	14	1
FL622_13920	2	2	1	13	15	0
FL622_13925	1	3	0	0	1	0
FL622_13930	0	0	0	0	0	0
FL622_13935	0	0	0	1	1	0
FL622_13940	0	1	3	0	2	0
FL622_13945	0	1	0	0	0	0
FL622_13950	0	0	0	0	0	0
FL622_13955	1	0	3	2	5	3
FL622_13960	5	5	3	10	10	8
FL622_13965	0	1	0	0	0	0
FL622_13970	0	1	0	0	0	0
FL622_13975	0	3	0	1	3	1
FL622_13980	2	1	1	0	0	0
FL622_13985	1	0	2	1	0	0
FL622_13990	0	0	0	1	0	1
FL622_13995	1	1	3	2	0	1
FL622_14000	1	2	4	2	2	0
FL622_14010	139	75	109	6	3	8
FL622_14015	0	0	0	0	0	1
FL622_14020	0	0	0	0	0	0
FL622_14025	0	1	0	0	0	0
FL622_14030	0	0	0	0	0	0
FL622_14035	0	0	0	13	21	3
FL622_14040	0	3	0	6	17	8
FL622_14045	0	5	4	5	28	2
FL622_14050	3	5	4	0	2	3
FL622_14055	4	3	7	0	5	3
FL622_14070	0	1	0	2	0	2
FL622_14075	0	1	0	1	1	2
FL622_14080	0	0	0	0	1	0
FL622_14085	1	0	1	4	4	2
FL622_14090	0	0	0	0	0	0
FL622_14095	1	2	1	6	4	3
FL622_14100	2	0	0	1	2	3
FL622_14105	1	5	4	16	14	7
FL622_14110	14	10	12	14	20	17
FL622_14115	3	3	5	9	8	9
FL622_14120	0	1	0	2	1	1
FL622_14125	0	0	0	1	1	1
FL622_14135	0	0	0	1	0	0
FL622_14140	0	0	0	5	4	0
FL622_14145	0	0	2	0	3	0
FL622_14150	0	1	0	4	1	1
FL622_14155	0	1	0	0	1	0
FL622_14160	0	0	1	0	0	0
FL622_14165	0	0	1	0	0	0
FL622_14170	0	0	0	0	0	0
FL622_14175	0	0	0	0	2	1
FL622_14180	0	0	0	0	2	0
FL622_14185	0	0	0	1	0	0
FL622_14190	0	0	0	0	0	0
FL622_14195	30	19	20	32	48	55
FL622_14200	0	0	0	1	2	1
FL622_14205	3	4	3	0	1	3
FL622_14215	1	1	0	34	13	8
FL622_14220	6	2	9	21	26	23
FL622_14225	14	8	14	19	12	6
FL622_14230	2	10	7	21	16	9
FL622_14235	1	2	4	15	17	8
FL622_14240	31	39	29	16	19	7
FL622_14245	9	6	12	4	1	3
FL622_14250	4	1	2	8	4	5
FL622_14255	3	0	2	1	4	3
FL622_14260	1	3	2	0	1	2
FL622_14265	0	1	0	1	1	2
FL622_14270	0	1	1	1	5	1
FL622_14275	3	11	16	7	6	3
FL622_14280	17	10	12	297	333	180
FL622_14285	0	2	5	3	4	1
FL622_14290	31	52	46	17	14	15
FL622_14295	82	91	102	11	45	32
FL622_14300	172	191	254	39	107	51
FL622_14305	36	67	79	24	47	15
FL622_14310	16	24	39	9	30	9
FL622_14315	72	73	73	14	48	29
FL622_14320	51	62	70	17	29	18
FL622_14325	45	50	83	33	90	47
FL622_14330	18	37	45	17	42	15
FL622_14335	87	113	162	34	125	37
FL622_14340	15	31	31	7	39	7
FL622_14345	17	18	24	4	20	10
FL622_14350	9	16	20	5	39	7
FL622_14355	6	16	21	7	54	3
FL622_14360	13	43	32	18	44	15
FL622_14365	20	36	43	3	35	7
FL622_14375	56	79	109	14	79	17
FL622_14380	38	55	71	15	46	5
FL622_14385	4	9	12	4	32	2
FL622_14390	59	56	82	8	42	8
FL622_14395	77	50	83	6	58	9
FL622_14400	22	31	43	8	58	9
FL622_14405	57	86	82	7	31	9
FL622_14410	9	20	30	3	38	7
FL622_14415	13	23	19	4	19	5
FL622_14420	41	56	80	11	37	12
FL622_14425	30	44	47	5	20	4
FL622_14430	66	51	99	7	49	10
FL622_14435	35	38	54	4	19	3
FL622_14440	8	17	22	3	20	5
FL622_14445	45	63	78	14	20	4
FL622_14450	59	94	129	16	49	19
FL622_14455	34	79	77	3	10	6
FL622_14460	6	17	17	1	9	0
FL622_14465	28	35	48	18	30	7
FL622_14470	23	41	58	58	58	33
FL622_14475	20	24	18	11	14	7
FL622_14480	8	8	8	26	10	8
FL622_14485	15	22	25	20	16	16
FL622_14490	19	45	61	9	8	6
FL622_14495	7	30	42	14	8	10
FL622_14500	7	20	25	4	3	3
FL622_14510	13	22	22	2	1	2
FL622_14515	0	0	0	0	0	0
FL622_14540	0	0	0	1	0	0
FL622_14545	0	4	0	1	0	0
FL622_14550	0	0	0	1	1	0
FL622_14555	0	0	2	0	1	0
FL622_14560	1	0	0	0	4	2
FL622_14565	0	0	1	8	13	7
FL622_14570	4	2	4	13	10	18
FL622_14575	2	2	0	3	2	0
FL622_14580	0	0	1	1	1	0
FL622_14585	0	0	1	1	1	0
FL622_14590	4	6	10	99	53	114
FL622_14595	2	0	0	0	1	2
FL622_14600	0	1	0	1	1	0
FL622_14605	0	1	1	30	23	9
FL622_14610	1	2	6	104	57	41
FL622_14615	1	0	0	19	14	3
FL622_14620	3	1	0	30	23	18
FL622_14625	1	1	0	2	5	3
FL622_14630	2	5	5	24	22	22
FL622_14635	2	5	6	0	6	1
FL622_14640	8	7	8	146	97	50
FL622_14645	1	1	0	10	6	2
FL622_14650	1	1	0	1	4	0
FL622_14655	0	4	4	7	2	1
FL622_14660	0	0	0	0	1	2
FL622_14665	1	6	0	0	2	1
FL622_14670	0	0	0	1	1	1
FL622_14675	0	1	0	1	8	0
FL622_14685	1	4	4	13	36	9
FL622_14690	0	2	2	1	2	0
FL622_14695	8	14	24	15	23	12
FL622_14700	8	8	7	11	19	5
FL622_14705	1	4	4	8	17	6
FL622_14710	2	3	0	6	5	3
FL622_14715	0	0	1	2	6	3
FL622_14720	5	4	5	4	12	5
FL622_14725	1	1	1	6	1	1
FL622_14730	1	4	5	15	14	2
FL622_14735	2	2	1	5	7	1
FL622_14740	8	17	15	11	16	10
FL622_14745	0	2	0	7	4	0
FL622_14750	2	2	2	8	8	2
FL622_14755	10	21	23	34	15	19
FL622_14760	2	0	1	0	5	2
FL622_14765	0	3	0	9	2	1
FL622_14770	6	5	14	19	14	14
FL622_14775	2	1	3	3	2	2
FL622_14780	1	1	3	3	1	0
FL622_14785	1	1	0	2	2	1
FL622_14790	1	1	1	8	5	6
FL622_14795	0	0	0	0	5	1
FL622_14800	0	0	0	4	3	0
FL622_14805	0	0	1	0	1	0
FL622_14810	0	0	0	0	0	0
FL622_14815	50	53	59	8	10	9
FL622_14820	31	56	58	3	10	2
FL622_14825	0	0	0	0	0	0
FL622_14830	1	3	7	0	5	1
FL622_14835	2	2	4	1	0	0
FL622_14840	5	4	9	3	0	2
FL622_14845	12	9	17	2	4	1
FL622_14850	0	0	0	1	0	0
FL622_14855	12	8	17	17	18	10
FL622_14860	1	1	2	4	2	1
FL622_14865	0	0	0	1	0	1
FL622_14870	0	1	2	4	0	0
FL622_14875	62	50	112	306	270	256
FL622_14880	15	14	30	199	182	148
FL622_14885	18	12	18	230	176	101
FL622_14890	20	10	31	254	179	145
FL622_14895	1	3	1	75	57	27
FL622_14900	5	3	7	91	61	47
FL622_14905	4	0	8	49	38	25
FL622_14910	1	4	5	34	26	16
FL622_14915	2	2	2	2	1	2
FL622_14920	0	1	2	0	0	2
FL622_14925	2	3	1	5	2	2
FL622_14930	4	6	5	2	2	2
FL622_14935	1	0	4	1	3	2
FL622_14940	0	1	0	6	9	4
FL622_14945	5	5	7	2	1	3
FL622_14950	0	0	0	1	0	0
FL622_14955	1	0	0	1	4	0
FL622_14965	2	8	2	5	4	1
FL622_14970	1	0	2	1	0	1
FL622_14975	1	0	3	0	3	0
FL622_14980	1	1	2	11	5	2
FL622_14985	0	1	0	3	4	2
FL622_14990	0	0	0	1	2	3
FL622_14995	2	3	4	1	2	0
FL622_15000	2	1	1	17	15	7
FL622_15005	0	0	0	0	0	0
FL622_15010	0	0	0	5	4	0
FL622_15015	0	0	0	0	0	0
FL622_15020	0	0	0	0	0	0
FL622_15025	4	5	9	4	1	2
FL622_15035	0	1	0	1	3	4
FL622_15040	1	0	0	0	1	0
FL622_15045	1	1	0	1	1	1
FL622_15050	0	1	1	2	2	1
FL622_15055	0	0	0	4	5	1
FL622_15060	0	0	0	1	0	0
FL622_15065	0	0	0	9	5	3
FL622_15070	0	1	1	1	1	0
FL622_15075	0	2	0	3	5	2
FL622_15080	0	0	1	2	3	1
FL622_15085	0	0	0	2	1	2
FL622_15090	0	0	2	0	0	0
FL622_15095	0	0	0	1	1	1
FL622_15100	0	0	0	0	0	0
FL622_15105	1	0	0	1	2	1
FL622_15110	1	1	0	0	1	0
FL622_15115	0	0	0	0	0	0
FL622_15120	0	2	2	0	2	0
FL622_15125	0	2	0	1	0	0
FL622_15130	0	1	0	2	0	0
FL622_15135	0	0	1	1	1	1
FL622_15140	2	1	0	1	1	4
FL622_15145	1	1	1	3	0	3
FL622_15150	0	0	0	1	0	0
FL622_15155	0	0	0	0	1	0
FL622_15160	1	0	3	0	0	0
FL622_15165	1	0	0	0	0	0
FL622_15170	0	1	0	2	0	2
FL622_15175	1	0	1	3	1	4
FL622_15180	1	0	3	5	5	3
FL622_15185	1	0	0	4	0	0
FL622_15190	2	3	2	25	9	11
FL622_15195	7	5	12	86	40	38
FL622_15200	0	0	0	1	0	0
FL622_15205	6	9	14	9	4	3
FL622_15210	5	3	4	1	5	1
FL622_15215	1	1	0	0	1	0
FL622_15220	2	2	0	4	2	2
FL622_15225	0	2	4	0	1	0
FL622_15230	14	12	21	3	2	3
FL622_15235	2	3	2	0	2	0
FL622_15240	1	3	4	5	2	3
FL622_15245	3	3	6	1	5	2
FL622_15250	1	0	1	3	2	1
FL622_15255	2	7	10	2	10	1
FL622_15260	0	2	3	4	2	1
FL622_15265	2	0	7	6	6	1
FL622_15270	1	1	3	1	2	0
FL622_15275	0	3	1	2	3	1
FL622_15280	6	3	20	7	9	2
FL622_15285	0	0	2	1	1	0
FL622_15290	0	1	0	0	0	0
FL622_15295	6	3	11	1	6	0
FL622_15300	0	1	0	2	1	1
FL622_15305	0	0	0	0	0	1
FL622_15310	0	0	1	4	1	0
FL622_15315	6	1	7	33	52	27
FL622_15320	1	0	1	5	3	4
FL622_15325	0	0	1	1	1	1
FL622_15330	11	17	31	35	46	41
FL622_15335	5	9	13	35	29	26
FL622_15340	11	5	15	34	26	47
FL622_15350	12	18	6	12	18	10
FL622_15355	2	0	1	7	2	2
FL622_15360	1	1	1	2	6	2
FL622_15365	0	0	1	0	0	0
FL622_15370	0	1	0	0	1	0
FL622_15375	0	1	1	2	1	0
FL622_15380	0	0	0	3	1	0
FL622_15385	0	0	0	2	3	4
FL622_15390	0	0	0	1	4	6
FL622_15395	3	0	2	3	1	2
FL622_15400	2	3	2	4	8	10
FL622_15405	2	8	8	10	5	8
FL622_15410	0	0	2	0	1	0
FL622_15415	0	2	0	4	0	3
FL622_15420	0	1	0	3	1	2
FL622_15425	0	0	1	1	0	2
FL622_15430	0	0	0	0	3	0
FL622_15435	0	0	1	4	3	5
FL622_15440	4	5	9	11	5	6
FL622_15445	0	1	1	3	6	5
FL622_15450	3	4	6	126	73	44
FL622_15455	9	5	9	80	55	44
FL622_15460	0	0	1	0	2	0
FL622_15465	6	12	21	211	142	143
FL622_15470	1	3	1	3	10	4
FL622_15475	1	1	3	0	6	4
FL622_15480	2	1	0	2	7	6
FL622_15485	0	1	1	0	0	0
FL622_15490	3	1	1	1	0	0
FL622_15495	0	0	0	1	0	0
FL622_15500	0	1	0	0	0	0
FL622_15505	0	0	0	2	4	1
FL622_15510	0	2	1	1	2	0
FL622_15515	0	0	0	1	0	0
FL622_15520	2	4	0	2	3	3
FL622_15530	13	17	24	30	44	17
FL622_15535	2	5	3	5	2	3
FL622_15540	10	21	34	2	0	3
FL622_15545	0	0	1	0	0	0
FL622_15550	1	2	9	1	1	2
FL622_15555	27	25	36	30	37	29
FL622_15560	8	6	15	24	9	12
FL622_15565	0	0	0	1	1	0
FL622_15570	0	1	3	3	1	1
FL622_15575	1	2	1	2	2	1
FL622_15580	2	6	13	3	2	1
FL622_15585	3	10	7	5	3	6
FL622_15590	2	3	4	3	0	1
FL622_15595	3	7	4	6	8	7
FL622_15600	0	0	0	1	1	0
FL622_15605	0	4	1	0	2	0
FL622_15610	14	16	15	5	6	7
FL622_15615	3	1	6	4	3	5
FL622_15620	3	1	1	3	2	2
FL622_15635	0	0	1	1	0	0
FL622_15640	0	1	0	1	1	1
FL622_15645	0	0	0	2	0	0
FL622_15650	0	0	0	1	0	0
FL622_15655	2	1	1	1	1	1
FL622_15660	0	0	0	1	2	0
FL622_15665	2	0	1	0	1	2
FL622_15670	0	1	1	2	0	0
FL622_15675	9	14	20	10	12	9
FL622_15680	0	1	2	1	2	0
FL622_15685	0	0	0	0	1	0
FL622_15695	0	0	1	0	0	0
FL622_15700	0	0	1	0	0	0
FL622_15705	0	0	1	1	2	0
FL622_15710	0	1	0	1	0	1
FL622_15715	0	0	1	1	0	0
FL622_15720	2	1	1	1	0	1
FL622_15725	0	9	2	7	3	5
FL622_15730	0	0	0	0	1	0
FL622_15735	0	0	0	0	0	0
FL622_15740	0	0	0	0	0	0
FL622_15745	0	0	3	9	2	2
FL622_15750	3	2	3	14	8	4
FL622_15755	2	10	4	4	3	8
FL622_15760	1	0	2	2	2	5
FL622_15765	0	0	0	0	0	0
FL622_15770	0	0	0	0	0	0
FL622_15775	1	0	0	0	0	0
FL622_15780	0	0	0	0	0	0
FL622_15785	0	3	2	0	4	0
FL622_15790	0	0	0	0	0	0
FL622_15795	0	0	0	0	0	0
FL622_15800	0	1	2	1	1	0
FL622_15805	0	0	0	0	0	0
FL622_15810	3	7	5	3	0	1
FL622_15815	3	0	4	4	3	2
FL622_15820	2	2	0	1	0	0
FL622_15825	1	3	0	1	1	1
FL622_15830	0	2	0	4	0	1
FL622_15835	0	3	1	8	7	4
FL622_15840	2	0	7	8	9	7
FL622_15845	0	2	1	9	9	6
FL622_15850	0	1	0	0	0	0
FL622_15855	0	0	2	0	0	0
FL622_15860	0	1	0	0	1	0
FL622_15865	0	0	0	0	0	0
FL622_15870	0	0	0	0	0	0
FL622_15875	0	0	0	0	0	0
FL622_15880	0	0	1	0	0	0
FL622_15885	1	1	5	3	6	5
FL622_15890	0	1	2	5	11	3
FL622_15895	0	0	0	1	2	0
FL622_15900	0	0	1	0	1	0
FL622_15905	1	1	0	0	2	2
FL622_15910	1	0	0	0	0	0
FL622_15915	0	1	1	0	0	0
FL622_15920	3	2	5	0	1	0
FL622_15925	0	0	1	1	1	1
FL622_15930	3	6	6	17	10	5
FL622_15935	17	24	25	1	2	0
FL622_15940	12	23	23	12	12	4
FL622_15945	30	66	61	6	25	10
FL622_15950	26	36	46	12	9	4
FL622_15955	26	51	39	6	14	9
FL622_15960	11	24	33	3	6	6
FL622_15965	6	15	19	1	3	3
FL622_15970	4	2	4	0	1	0
FL622_15975	8	12	9	8	8	7
FL622_15980	8	10	14	3	2	12
FL622_15985	7	7	10	3	7	5
FL622_15990	1	3	2	1	2	2
FL622_15995	5	5	5	0	4	0
FL622_16000	9	16	11	2	3	1
FL622_16005	57	59	75	5	6	7
FL622_16020	14	25	20	2	2	0
FL622_16025	53	37	41	8	3	5
FL622_16030	29	16	24	0	0	1
FL622_16035	66	66	65	8	10	12
FL622_16040	50	89	92	26	40	23
FL622_16045	20	29	37	20	39	11
FL622_16050	6	6	6	5	10	3
FL622_16055	1	0	6	15	18	6
FL622_16060	4	8	9	5	14	5
FL622_16065	2	3	1	6	7	5
FL622_16070	0	1	0	4	1	1
FL622_16075	12	9	23	7	7	5
FL622_16080	0	2	2	1	1	0
FL622_16085	0	0	0	0	0	1
FL622_16090	2	2	1	1	0	1
FL622_16095	0	2	2	2	1	0
FL622_16100	2	6	12	12	11	3
FL622_16105	3	3	3	0	2	1
FL622_16110	1	8	8	0	3	1
FL622_16115	0	3	0	0	1	0
FL622_16120	5	6	6	9	9	2
FL622_16125	3	5	5	2	6	1
FL622_16130	0	0	0	1	0	1
FL622_16135	3	2	3	0	1	1
FL622_16140	0	0	0	1	3	0
FL622_16150	0	0	0	0	0	0
FL622_16155	0	3	2	0	0	0
FL622_16160	1	0	0	0	2	0
FL622_16165	0	1	2	1	3	0
FL622_16170	1	0	1	13	6	5
FL622_16175	0	0	0	1	1	0
FL622_16180	0	0	0	1	0	0
FL622_16185	0	1	1	4	1	0
FL622_16190	0	1	1	1	0	0
FL622_16195	2	5	3	2	3	2
FL622_16200	0	1	1	1	0	1
FL622_16205	2	5	4	0	2	3
FL622_16210	1	2	0	1	0	0
FL622_16215	0	1	0	1	3	2
FL622_16220	1	0	3	1	1	0
FL622_16225	5	2	9	1	4	2
FL622_16230	0	0	0	1	0	0
FL622_16235	0	2	1	4	1	3
FL622_16240	3	4	5	7	9	5
FL622_16245	1	0	4	2	5	4
FL622_16250	1	2	4	1	2	1
FL622_16255	12	11	12	3	6	4
FL622_16260	2	3	6	8	7	1
FL622_16265	2	0	3	8	14	3
FL622_16270	1	2	1	2	0	0
FL622_16275	1	1	1	0	1	1
FL622_16280	0	2	1	2	1	0
FL622_16285	0	1	1	2	0	1
FL622_16290	5	11	6	1	1	1
FL622_16295	3	2	6	94	45	27
FL622_16300	2	1	3	0	1	0
FL622_16305	1	0	0	1	3	0
FL622_16310	2	0	4	1	0	0
FL622_16315	3	12	14	2	6	3
FL622_16320	0	1	0	1	1	0
FL622_16325	1	0	0	1	1	1
FL622_16330	0	0	3	1	1	0
FL622_16335	0	0	0	1	1	0
FL622_16340	0	0	0	0	0	0
FL622_16345	1	2	1	1	0	0
FL622_16350	0	0	2	2	2	1
FL622_16355	0	0	0	1	3	1
FL622_16365	2	2	13	4	7	3
FL622_16370	0	3	2	1	3	1
FL622_16375	0	1	2	1	2	1
FL622_16380	0	1	0	3	1	3
FL622_16385	2	2	0	0	1	1
FL622_16390	1	2	1	2	2	0
FL622_16395	1	3	2	3	1	0
FL622_16400	0	0	1	0	0	1
FL622_16405	0	1	0	1	0	0
FL622_16410	3	1	3	3	2	0
FL622_16415	0	0	0	2	0	0
FL622_16420	1	0	0	1	2	0
FL622_16425	1	0	1	2	3	3
FL622_16430	0	1	2	4	1	1
FL622_16435	0	0	0	2	0	0
FL622_16440	3	8	6	2	2	2
FL622_16445	0	0	0	0	0	0
FL622_16450	0	0	0	0	0	0
FL622_16455	2	2	0	2	5	4
FL622_16465	0	2	1	6	4	3
FL622_16470	2	2	4	7	11	0
FL622_16475	9	4	6	3	7	3
FL622_16480	6	6	9	5	6	7
FL622_16485	34	30	54	9	8	10
FL622_16490	8	4	12	0	3	6
FL622_16495	0	1	0	3	3	3
FL622_16500	12	13	13	13	8	9
FL622_16505	1	0	2	2	1	1
FL622_16510	0	0	3	1	0	0
FL622_16515	0	0	0	0	0	0
FL622_16520	0	1	0	0	0	0
FL622_16530	5	9	14	10	8	3
FL622_16535	3	12	18	2	2	6
FL622_16540	0	3	1	1	1	0
FL622_16545	2	7	3	1	1	1
FL622_16550	3	5	5	1	3	1
FL622_16555	0	1	0	4	0	2
FL622_16560	0	0	2	13	10	10
FL622_16565	1	0	0	4	1	0
FL622_16570	0	1	4	1	5	3
FL622_16575	0	2	4	1	5	7
FL622_16580	3	2	1	2	2	1
FL622_16585	3	0	6	51	25	19
FL622_16590	3	5	4	132	127	40
FL622_16595	4	4	1	6	4	1
FL622_16600	1	2	3	4	4	1
FL622_16605	3	2	4	2	8	1
FL622_16610	0	2	1	3	1	0
FL622_16615	6	13	8	31	25	34
FL622_16620	218	73	90	90	105	92
FL622_16625	6	4	2	5	7	6
FL622_16630	11	7	12	4	7	2
FL622_16635	0	0	0	0	0	0
FL622_16640	1	0	0	5	1	2
FL622_16645	0	0	0	5	2	0
FL622_16650	0	0	1	0	0	1
FL622_16655	0	0	0	1	0	0
FL622_16660	2	1	4	1	5	3
FL622_16665	0	0	1	0	1	0
FL622_16670	1	0	0	3	2	4
FL622_16675	0	0	0	4	1	0
FL622_16685	0	1	1	8	6	5
FL622_16690	0	0	0	0	0	1
FL622_16695	1	1	0	1	0	0
FL622_16700	0	0	0	1	1	1
FL622_16705	0	0	0	0	0	1
FL622_16710	0	0	0	2	1	0
FL622_16715	1	1	3	13	15	14
FL622_16720	0	1	1	1	2	2
FL622_16730	0	0	0	1	0	0
FL622_16735	0	2	0	12	6	4
FL622_16740	0	0	1	0	0	0
FL622_16745	0	1	1	3	2	1
FL622_16750	0	0	2	7	2	0
FL622_16755	2	4	2	22	13	7
FL622_16760	0	0	0	0	0	0
FL622_16765	0	0	0	1	0	1
FL622_16770	0	0	0	0	0	0
FL622_16775	0	0	0	1	3	1
FL622_16780	1	2	2	2	1	2
FL622_16785	0	0	0	4	2	1
FL622_16790	2	1	1	4	6	3
FL622_16795	0	1	0	3	1	1
FL622_16800	0	0	0	2	1	1
FL622_16805	0	0	2	2	2	0
FL622_16810	0	1	0	1	2	3
FL622_16815	0	0	0	0	1	0
FL622_16820	0	1	0	1	1	0
FL622_16825	0	0	0	0	0	0
FL622_16830	0	0	1	4	0	1
FL622_16835	2	3	3	6	2	8
FL622_16845	0	0	0	0	0	0
FL622_16850	3	4	0	3	0	0
FL622_16855	20	34	10	40	56	6
FL622_16860	4	0	3	1	3	1
FL622_16865	9	13	4	2	3	3
FL622_16870	8	5	9	2	0	1
FL622_16875	5	9	8	7	1	2
FL622_16880	0	2	9	1	4	1
FL622_16885	0	0	0	1	2	0
FL622_16900	10	13	17	2	7	4
FL622_16905	5	6	5	4	4	1
FL622_16910	3	2	5	8	3	5
FL622_16915	19	31	29	6	11	8
FL622_16920	3	5	8	2	2	0
FL622_16925	17	18	39	11	27	14
FL622_16930	2	10	9	4	4	3
FL622_16935	4	5	4	4	5	2
FL622_16940	2	4	9	1	10	12
FL622_16945	10	10	10	4	6	4
FL622_16950	5	6	8	2	11	4
FL622_16965	3	10	9	11	14	8
FL622_16970	8	16	17	7	4	3
FL622_16975	0	2	0	0	2	2
FL622_16980	4	5	3	3	1	2
FL622_16985	3	2	0	1	0	1
FL622_16990	1	0	3	3	0	1
FL622_17000	1	2	3	4	6	3
FL622_17005	3	8	9	2	6	7
FL622_17010	3	3	5	0	6	4
FL622_17015	18	14	28	12	11	14
FL622_17020	10	12	17	5	17	6
FL622_17025	4	2	3	4	4	6
FL622_17030	10	7	15	5	14	15
FL622_17035	22	15	24	16	23	19
FL622_17040	0	1	0	2	1	0
FL622_17045	1	1	1	3	5	8
FL622_17050	0	0	0	0	0	0
FL622_17055	0	0	0	1	0	0
FL622_17060	0	0	0	0	0	0
FL622_17065	4	3	3	4	3	4
FL622_17070	2	1	0	6	6	3
FL622_17075	17	7	15	19	11	16
FL622_17080	19	7	15	34	27	36
FL622_17085	0	0	0	0	0	0
FL622_17090	0	0	0	0	0	0
FL622_17095	1	0	3	1	3	1
FL622_17100	1	1	0	0	1	0
FL622_17105	1	1	0	1	2	1
FL622_17110	0	0	1	1	1	1
FL622_17115	0	1	1	2	3	2
FL622_17120	0	0	0	0	0	1
FL622_17150	0	0	0	0	1	0
FL622_17155	0	0	0	0	1	0
FL622_17160	0	0	0	0	1	0
FL622_17165	0	0	0	1	0	0
FL622_17170	0	0	2	1	1	2
FL622_17175	0	0	0	1	0	2
FL622_17180	0	1	0	1	0	0
FL622_17190	4	6	4	6	4	2
FL622_17195	531	246	334	611	397	383
FL622_17205	6	13	11	14	19	19
FL622_17215	2	8	3	0	5	0
FL622_17220	3	3	2	7	5	5
FL622_17225	0	0	0	2	0	0
FL622_17230	0	0	1	0	0	1
FL622_17235	3	3	2	9	2	4
FL622_17240	2	7	6	5	4	5
FL622_17245	5	1	3	4	6	7
FL622_17250	1	1	2	4	5	1
FL622_17255	3	3	4	4	16	7