GeneID	F4a	F5a	F6a	F4b	F5b	F6b
FL622_00005	0	1	0	0	0	0
FL622_00010	0	1	0	0	0	0
FL622_00020	0	5	4	0	0	0
FL622_00030	8	2	6	0	0	0
FL622_00035	9	5	3	13	0	2
FL622_00040	7	3	2	3	1	0
FL622_00045	2	4	1	2	0	0
FL622_00050	9	10	10	5	0	0
FL622_00055	13	7	8	6	0	0
FL622_00060	45	18	10	56	22	11
FL622_00065	18	15	10	16	8	1
FL622_00070	6	5	4	5	1	2
FL622_00075	5	3	6	2	2	0
FL622_00080	3	2	5	3	1	0
FL622_00085	4	2	7	5	1	1
FL622_00090	9	10	9	4	1	1
FL622_00095	3	1	3	3	0	0
FL622_00100	0	3	6	3	0	0
FL622_00105	1	2	0	0	0	0
FL622_00115	0	3	2	0	0	0
FL622_00120	7	5	8	1	0	0
FL622_00125	22	23	25	22	12	3
FL622_00130	12	9	9	9	2	0
FL622_00135	1	2	1	1	0	0
FL622_00140	15	15	18	6	1	0
FL622_00145	11	7	7	2	0	0
FL622_00150	2	1	2	0	0	0
FL622_00155	2	1	6	2	0	0
FL622_00160	5	16	8	2	0	0
FL622_00165	4	5	5	0	0	0
FL622_00170	5	7	13	1	0	0
FL622_00175	14	24	10	9	5	1
FL622_00180	11	28	24	9	1	2
FL622_00185	11	28	15	5	0	0
FL622_00190	111	131	171	21	2	3
FL622_00195	20	15	19	2	0	0
FL622_00200	19	14	18	4	0	0
FL622_00205	6	11	12	1	0	0
FL622_00210	3	5	7	0	1	0
FL622_00215	6	15	10	0	0	0
FL622_00220	43	46	34	2	0	1
FL622_00225	6	8	7	2	0	0
FL622_00230	21	10	9	30	12	8
FL622_00235	64	16	28	84	12	11
FL622_00240	5	4	2	5	0	0
FL622_00245	42	76	68	2	0	1
FL622_00250	7	12	17	1	0	1
FL622_00255	0	1	0	0	0	0
FL622_00260	0	5	1	0	0	0
FL622_00265	8	5	3	4	4	1
FL622_00270	2	3	1	0	0	0
FL622_00275	0	2	0	0	0	0
FL622_00280	0	2	3	1	1	0
FL622_00285	713	1101	1064	34	14	6
FL622_00290	24	27	30	3	0	0
FL622_00295	23	21	16	0	0	0
FL622_00300	23	40	21	2	0	1
FL622_00305	7	12	6	1	2	0
FL622_00310	1	2	1	5	3	0
FL622_00315	7	4	1	7	5	0
FL622_00320	24	29	22	12	3	1
FL622_00325	11	20	16	14	12	3
FL622_00330	7	10	13	3	2	0
FL622_00335	8	13	15	2	1	0
FL622_00340	7	15	9	2	0	3
FL622_00345	32	31	32	10	9	3
FL622_00350	3	4	4	1	0	0
FL622_00355	3	5	8	3	1	0
FL622_00360	11	26	18	13	1	1
FL622_00365	8	5	4	3	0	0
FL622_00370	24	19	28	9	2	0
FL622_00375	7	11	7	5	5	1
FL622_00380	9	5	14	3	3	0
FL622_00385	20	12	12	11	3	0
FL622_00390	16	8	8	14	4	1
FL622_00395	1	1	4	9	1	0
FL622_00400	1	1	2	4	2	0
FL622_00405	4	0	5	2	0	2
FL622_00410	13	14	15	3	5	0
FL622_00415	258	186	212	14	0	1
FL622_00420	8	3	6	2	0	0
FL622_00425	32	36	42	15	3	0
FL622_00430	30	36	21	4	22	2
FL622_00435	19	17	26	2	5	0
FL622_00440	48	44	54	2	28	3
FL622_00445	29	21	26	1	11	1
FL622_00450	61	45	56	11	25	13
FL622_00455	23	26	31	4	1	0
FL622_00460	19	18	16	1	0	0
FL622_00465	17	14	10	23	9	0
FL622_00470	10	7	1	2	0	0
FL622_00475	24	18	20	12	11	1
FL622_00480	51	39	26	39	38	13
FL622_00485	20	16	23	45	28	8
FL622_00490	30	49	38	5	3	2
FL622_00495	10	12	12	7	5	1
FL622_00500	4	5	10	3	2	2
FL622_00505	22	19	21	12	1	1
FL622_00510	7	17	7	4	0	0
FL622_00515	5	7	6	1	1	0
FL622_00520	1	1	4	3	0	1
FL622_00525	3	6	3	3	1	0
FL622_00530	2	1	1	0	0	0
FL622_00535	0	2	0	1	0	0
FL622_00540	4	1	3	0	0	0
FL622_00545	5	11	9	3	0	0
FL622_00550	15	12	12	1	0	0
FL622_00555	28	24	17	26	8	2
FL622_00560	11	16	21	0	2	0
FL622_00565	7	5	7	5	3	0
FL622_00570	5	5	1	1	0	0
FL622_00575	88	171	121	14	2	0
FL622_00580	96	151	170	11	1	1
FL622_00585	17	21	22	1	0	0
FL622_00595	40	39	59	17	2	0
FL622_00600	6	5	1	2	0	0
FL622_00610	28	25	25	6	1	0
FL622_00615	19	26	25	1	0	0
FL622_00620	10	10	22	1	0	0
FL622_00625	53	90	88	6	0	0
FL622_00630	58	74	63	8	1	0
FL622_00635	24	36	42	1	1	0
FL622_00640	8	7	10	0	0	0
FL622_00645	9	12	13	6	0	0
FL622_00650	67	47	74	19	11	1
FL622_00655	4	2	6	0	1	0
FL622_00660	1	7	5	0	0	0
FL622_00665	3	2	3	1	0	0
FL622_00670	6	4	8	0	0	1
FL622_00675	26	51	47	4	0	0
FL622_00680	5	11	7	1	1	0
FL622_00685	7	6	14	0	0	0
FL622_00690	8	16	12	0	0	0
FL622_00695	10	18	23	1	1	0
FL622_00700	744	1191	984	59	20	8
FL622_00705	26	50	37	2	0	0
FL622_00710	18	42	19	0	0	1
FL622_00715	7	15	11	1	0	0
FL622_00725	7	4	6	1	0	0
FL622_00730	8	14	9	5	2	1
FL622_00735	18	20	11	11	3	1
FL622_00740	90	88	55	39	52	23
FL622_00745	62	84	49	39	35	16
FL622_00750	43	27	31	7	0	0
FL622_00755	7	9	7	5	5	1
FL622_00760	13	11	7	10	5	1
FL622_00765	47	65	51	4	1	0
FL622_00770	24	16	14	0	0	0
FL622_00775	30	39	40	2	0	0
FL622_00780	9	13	9	1	0	1
FL622_00785	14	11	14	0	0	0
FL622_00790	11	29	28	3	0	0
FL622_00795	17	18	19	2	0	0
FL622_00800	15	19	19	1	0	0
FL622_00805	7	4	6	0	0	0
FL622_00810	9	2	8	1	0	0
FL622_00815	1	7	2	1	0	0
FL622_00820	5	4	5	0	0	0
FL622_00825	5	2	3	0	0	0
FL622_00830	3	2	2	1	0	0
FL622_00835	7	12	10	2	0	0
FL622_00840	2	1	3	1	0	0
FL622_00845	3	6	1	1	0	0
FL622_00850	3	7	3	0	3	0
FL622_00855	0	6	4	0	0	1
FL622_00860	23	16	17	0	1	0
FL622_00865	12	15	13	1	1	0
FL622_00870	8	8	11	1	0	1
FL622_00875	17	10	11	5	0	0
FL622_00880	16	8	7	6	0	0
FL622_00885	5	1	3	0	0	0
FL622_00890	4	2	1	0	0	0
FL622_00895	12	2	7	3	1	0
FL622_00900	3	4	6	2	0	0
FL622_00905	7	7	8	8	0	0
FL622_00910	12	10	9	9	6	2
FL622_00915	1	3	2	1	0	1
FL622_00920	6	7	11	7	0	0
FL622_00925	5	5	2	2	0	1
FL622_00930	4	6	3	4	1	0
FL622_00935	27	24	26	23	5	1
FL622_00940	3	5	4	5	3	3
FL622_00945	11	8	8	6	3	3
FL622_00950	3	4	4	12	5	1
FL622_00955	7	22	14	2	2	0
FL622_00960	4	10	3	0	0	0
FL622_00965	6	2	4	0	0	0
FL622_00970	8	14	13	0	0	0
FL622_00975	7	12	21	0	0	0
FL622_00980	15	32	33	1	0	0
FL622_00985	4	8	6	3	2	0
FL622_00990	9	10	14	1	1	0
FL622_00995	10	11	8	2	2	2
FL622_01000	17	17	13	1	1	1
FL622_01005	35	47	54	4	4	0
FL622_01010	9	4	4	0	0	0
FL622_01015	60	112	61	4	1	0
FL622_01020	14	15	11	0	0	0
FL622_01025	5	4	8	0	0	0
FL622_01030	24	48	31	4	1	1
FL622_01035	45	65	56	6	1	2
FL622_01040	6	3	3	8	1	2
FL622_01045	6	9	6	1	0	0
FL622_01050	9	13	17	6	4	0
FL622_01055	5	6	5	2	1	0
FL622_01060	3	6	5	0	1	0
FL622_01065	4	10	6	0	1	0
FL622_01070	2	6	9	0	0	0
FL622_01075	5	4	3	0	0	0
FL622_01080	149	244	164	75	21	10
FL622_01085	45	63	56	16	7	4
FL622_01090	13	21	24	7	1	0
FL622_01095	4	13	1	0	0	1
FL622_01100	68	44	46	34	13	6
FL622_01105	17	23	23	11	9	5
FL622_01110	10	17	10	3	1	0
FL622_01115	1	6	5	1	0	0
FL622_01120	8	6	4	2	0	0
FL622_01125	81	110	76	39	12	2
FL622_01130	13	16	17	14	8	6
FL622_01135	9	16	16	6	1	0
FL622_01140	13	31	18	1	0	0
FL622_01145	18	26	22	1	1	0
FL622_01150	38	74	44	25	28	12
FL622_01155	14	26	22	17	5	2
FL622_01160	40	103	67	31	13	5
FL622_01165	21	40	27	9	1	2
FL622_01170	19	24	23	7	4	1
FL622_01175	22	30	23	17	5	3
FL622_01180	37	61	54	14	6	2
FL622_01185	37	43	32	12	5	1
FL622_01190	40	62	60	8	1	0
FL622_01195	29	27	20	1	0	0
FL622_01200	16	21	29	0	0	0
FL622_01205	39	40	30	3	2	0
FL622_01210	34	89	56	4	3	0
FL622_01215	11	8	16	1	0	0
FL622_01220	26	31	20	2	0	1
FL622_01225	50	33	26	8	3	0
FL622_01230	5	7	10	7	1	0
FL622_01235	2	2	4	3	0	0
FL622_01245	229	309	208	29	8	3
FL622_01250	78	120	100	11	4	2
FL622_01255	91	131	94	6	2	2
FL622_01260	238	357	253	22	5	3
FL622_01265	35	45	58	3	0	0
FL622_01270	48	94	71	4	0	0
FL622_01275	90	76	46	13	7	8
FL622_01280	84	94	92	17	15	6
FL622_01285	17	35	23	4	1	1
FL622_01290	11	17	10	0	0	1
FL622_01295	8	6	2	1	0	0
FL622_01300	8	10	11	2	4	0
FL622_01305	39	62	46	8	4	2
FL622_01310	16	18	11	3	0	0
FL622_01320	2	10	5	4	2	1
FL622_01325	3	6	2	4	1	0
FL622_01335	6	6	8	0	0	0
FL622_01340	5	4	11	1	0	0
FL622_01345	13	41	24	1	0	0
FL622_01350	10	7	13	0	0	1
FL622_01355	44	113	111	1	0	0
FL622_01360	114	37	37	50	13	2
FL622_01365	9	13	10	8	8	4
FL622_01370	39	41	50	27	7	3
FL622_01375	7	2	10	3	1	1
FL622_01380	27	43	35	7	2	0
FL622_01385	30	24	26	9	1	1
FL622_01390	25	54	35	3	0	1
FL622_01395	23	44	24	4	0	0
FL622_01400	9	13	7	0	0	0
FL622_01405	15	18	16	0	1	0
FL622_01410	22	14	16	0	0	1
FL622_01415	12	15	13	1	0	0
FL622_01420	27	26	38	6	2	1
FL622_01425	37	53	56	7	1	1
FL622_01430	38	38	36	4	0	0
FL622_01435	28	21	21	16	6	2
FL622_01440	40	48	40	35	35	19
FL622_01445	33	41	19	24	27	16
FL622_01450	7	6	3	1	0	0
FL622_01455	4	6	3	0	2	0
FL622_01460	20	27	27	3	1	1
FL622_01465	19	18	10	4	0	0
FL622_01470	6	18	17	0	1	0
FL622_01475	20	22	17	1	5	3
FL622_01480	1	7	3	8	3	1
FL622_01485	7	10	14	18	10	3
FL622_01490	3	7	4	4	4	0
FL622_01495	5	7	6	4	3	0
FL622_01500	12	14	16	0	1	1
FL622_01505	6	20	14	1	2	1
FL622_01510	8	10	7	0	0	0
FL622_01520	31	74	44	2	1	0
FL622_01525	29	48	32	2	1	0
FL622_01530	58	69	67	7	1	0
FL622_01535	12	18	17	0	0	0
FL622_01540	35	65	54	6	2	0
FL622_01545	4	16	18	0	0	0
FL622_01550	52	102	66	3	2	0
FL622_01555	8	17	21	1	0	0
FL622_01560	8	7	5	2	1	0
FL622_01565	29	36	49	11	5	2
FL622_01570	121	94	80	78	40	28
FL622_01575	3	11	8	9	3	1
FL622_01580	9	8	5	37	27	14
FL622_01590	8	18	21	1	0	0
FL622_01595	6	12	9	0	1	0
FL622_01600	16	25	31	2	0	0
FL622_01605	5	8	5	0	0	0
FL622_01610	10	18	12	0	1	0
FL622_01615	2	3	5	4	0	0
FL622_01620	2	6	5	1	2	0
FL622_01625	10	9	6	1	0	0
FL622_01630	40	69	47	3	1	0
FL622_01635	7	12	10	4	0	0
FL622_01640	2	3	2	0	0	0
FL622_01645	7	6	11	0	0	0
FL622_01650	4	2	2	0	0	0
FL622_01655	4	5	3	0	0	0
FL622_01660	4	3	2	2	0	0
FL622_01665	4	8	14	0	1	0
FL622_01670	0	1	0	0	0	0
FL622_01675	52	39	35	4	2	1
FL622_01685	0	1	2	0	0	0
FL622_01690	106	181	159	5	2	0
FL622_01695	26	22	20	1	0	0
FL622_01700	35	32	47	3	1	0
FL622_01705	25	30	30	4	0	0
FL622_01710	7	13	12	2	0	0
FL622_01715	11	17	27	3	0	1
FL622_01720	4	6	7	1	0	0
FL622_01725	60	68	50	9	2	0
FL622_01730	11	18	16	1	0	0
FL622_01735	4	8	5	1	0	0
FL622_01740	3	9	1	0	1	0
FL622_01745	5	1	4	0	0	0
FL622_01750	13	5	17	4	0	0
FL622_01755	18	25	23	5	0	1
FL622_01760	51	80	56	3	2	0
FL622_01765	10	23	18	3	1	0
FL622_01785	5	10	4	4	0	1
FL622_01790	102	43	50	15	2	1
FL622_01795	16	8	6	4	1	1
FL622_01800	7	6	2	8	4	0
FL622_01805	2	5	4	2	0	0
FL622_01810	4	2	0	6	0	1
FL622_01815	7	3	0	4	1	0
FL622_01820	2	3	4	8	2	2
FL622_01825	15	11	6	12	1	1
FL622_01830	7	8	6	2	0	1
FL622_01835	5	8	4	17	4	3
FL622_01840	2	2	0	4	0	0
FL622_01845	33	26	21	5	2	0
FL622_01850	52	43	45	30	18	3
FL622_01855	0	1	2	0	1	0
FL622_01860	0	1	1	0	0	0
FL622_01865	0	2	0	0	0	0
FL622_01875	1	0	2	0	0	0
FL622_01880	3	1	1	0	0	0
FL622_01885	0	0	1	1	0	0
FL622_01890	0	0	0	0	0	0
FL622_01895	0	0	0	0	0	0
FL622_01900	0	1	1	0	0	0
FL622_01905	0	0	2	0	0	0
FL622_01915	1	0	0	0	0	0
FL622_01920	1	0	0	0	0	0
FL622_01925	0	1	2	1	0	0
FL622_01930	0	1	0	0	0	0
FL622_01935	0	2	0	0	0	0
FL622_01940	200	74	61	110	38	37
FL622_01945	11	8	6	9	2	2
FL622_01950	0	0	0	0	0	0
FL622_01955	1	1	2	0	0	0
FL622_01960	10	29	26	14	4	2
FL622_01965	3	3	8	0	1	0
FL622_01970	15	25	25	3	1	1
FL622_01975	6	8	5	0	1	0
FL622_01980	5	9	13	4	2	2
FL622_01985	2	4	2	0	0	0
FL622_01990	18	30	17	4	1	0
FL622_01995	35	50	49	14	3	0
FL622_02000	4	10	5	1	0	0
FL622_02005	17	41	40	0	0	0
FL622_02010	14	31	19	4	1	0
FL622_02015	31	29	27	4	1	1
FL622_02020	84	89	69	16	1	0
FL622_02025	18	8	10	1	0	0
FL622_02030	10	14	19	2	2	0
FL622_02035	3	13	3	0	0	0
FL622_02045	11	6	5	1	2	0
FL622_02050	36	54	34	0	2	1
FL622_02055	12	20	16	0	2	1
FL622_02060	51	51	41	2	1	0
FL622_02065	8	4	10	0	1	0
FL622_02070	41	47	36	31	15	7
FL622_02075	1	9	5	0	0	0
FL622_02080	6	7	7	1	0	0
FL622_02085	10	18	13	0	0	0
FL622_02090	39	71	58	3	1	0
FL622_02095	115	170	149	9	9	2
FL622_02100	16	22	27	3	1	0
FL622_02105	54	61	57	13	5	2
FL622_02110	30	43	58	12	8	1
FL622_02115	138	90	86	64	74	64
FL622_02120	10	11	10	0	0	0
FL622_02125	19	23	11	0	1	0
FL622_02130	10	10	19	2	0	0
FL622_02135	22	24	22	4	0	0
FL622_02140	6	10	10	4	1	0
FL622_02145	12	8	6	2	2	0
FL622_02150	1	8	7	0	1	0
FL622_02155	0	6	5	0	0	0
FL622_02160	3	5	5	0	0	0
FL622_02170	6	11	7	0	0	0
FL622_02175	4	9	2	0	0	0
FL622_02180	17	18	20	2	0	0
FL622_02185	11	20	22	0	2	0
FL622_02190	5	2	3	1	0	0
FL622_02195	30	49	23	1	0	0
FL622_02200	5	4	8	0	1	0
FL622_02205	68	73	72	6	1	1
FL622_02210	9	21	13	1	0	0
FL622_02225	22	18	25	5	2	0
FL622_02230	25	32	35	5	0	0
FL622_02235	16	13	11	3	3	0
FL622_02240	16	12	7	32	20	2
FL622_02245	1	1	0	0	0	0
FL622_02250	2	2	1	0	0	0
FL622_02255	13	12	12	0	0	0
FL622_02260	1	4	5	0	0	0
FL622_02265	9	18	8	7	0	0
FL622_02270	19	22	19	9	2	1
FL622_02275	26	59	44	9	2	1
FL622_02280	7	9	6	10	1	0
FL622_02285	8	3	3	2	1	0
FL622_02290	8	6	2	0	1	0
FL622_02295	2	6	3	0	0	0
FL622_02300	5	4	7	1	0	0
FL622_02305	30	27	30	2	1	0
FL622_02310	22	38	25	3	0	0
FL622_02315	44	86	71	2	0	1
FL622_02320	17	21	10	3	0	0
FL622_02325	7	8	6	0	0	0
FL622_02330	14	30	21	2	0	1
FL622_02335	32	37	11	3	1	1
FL622_02340	18	19	14	0	1	1
FL622_02345	0	0	2	0	0	1
FL622_02350	4	3	6	0	0	0
FL622_02355	25	55	41	4	0	0
FL622_02360	23	16	19	5	1	0
FL622_02365	18	28	23	4	2	4
FL622_02370	11	11	15	6	6	0
FL622_02375	2	0	2	0	0	0
FL622_02380	6	2	2	0	0	0
FL622_02385	6	4	7	0	0	0
FL622_02390	5	22	14	0	0	0
FL622_02395	4	2	3	1	0	0
FL622_02400	11	6	6	0	0	0
FL622_02405	26	25	18	2	2	0
FL622_02410	2	4	1	0	0	0
FL622_02415	1	2	0	0	0	0
FL622_02420	12	6	18	3	0	0
FL622_02425	26	28	20	4	2	1
FL622_02430	2	5	2	0	0	0
FL622_02435	2	12	6	0	0	0
FL622_02440	122	223	206	11	3	2
FL622_02445	225	241	153	27	15	8
FL622_02450	19	39	35	3	0	0
FL622_02455	73	84	92	8	1	1
FL622_02460	26	43	20	5	0	1
FL622_02465	18	28	23	2	1	0
FL622_02470	135	254	207	31	5	2
FL622_02475	29	65	47	3	0	1
FL622_02480	104	193	121	18	7	2
FL622_02485	27	27	14	0	0	0
FL622_02490	201	220	221	5	3	1
FL622_02495	124	147	79	6	2	0
FL622_02500	45	63	36	3	0	1
FL622_02505	72	96	87	9	1	1
FL622_02510	264	295	242	31	14	9
FL622_02515	25	15	12	5	0	0
FL622_02520	22	27	26	1	0	0
FL622_02525	8	15	13	0	3	0
FL622_02535	40	53	39	38	5	4
FL622_02540	13	9	9	13	4	1
FL622_02545	7	13	4	1	0	0
FL622_02550	58	88	96	7	3	0
FL622_02555	19	18	21	4	1	0
FL622_02560	28	32	20	6	4	0
FL622_02565	12	10	16	1	0	0
FL622_02570	9	5	8	1	0	0
FL622_02575	12	9	7	2	0	0
FL622_02580	3	9	4	2	0	0
FL622_02585	21	20	13	0	0	0
FL622_02590	43	37	21	9	2	0
FL622_02595	32	38	26	16	11	0
FL622_02600	172	167	190	73	26	9
FL622_02605	81	94	71	47	35	15
FL622_02610	36	65	46	36	25	6
FL622_02615	38	40	36	22	18	8
FL622_02620	67	100	52	31	24	10
FL622_02625	11	26	13	5	0	0
FL622_02630	18	33	26	3	1	0
FL622_02635	18	39	36	3	1	0
FL622_02640	67	111	100	6	1	1
FL622_02645	5	14	11	1	0	0
FL622_02650	1	1	0	1	0	0
FL622_02655	13	18	23	36	21	5
FL622_02660	28	25	11	28	19	22
FL622_02675	20	17	13	10	2	13
FL622_02680	56	97	65	432	339	122
FL622_02685	5	4	5	3	0	1
FL622_02700	10	15	11	6	2	0
FL622_02705	11	12	13	3	2	3
FL622_02710	6	12	17	4	6	1
FL622_02715	1	0	1	0	0	0
FL622_02720	77	87	91	15	8	0
FL622_02725	41	46	33	5	1	0
FL622_02730	34	34	44	12	9	1
FL622_02735	6	13	13	1	0	0
FL622_02740	44	50	36	3	1	5
FL622_02745	34	34	37	9	10	2
FL622_02750	24	25	22	5	1	0
FL622_02755	0	6	7	0	0	0
FL622_02760	6	1	10	1	1	0
FL622_02765	206	335	222	117	40	30
FL622_02770	17	35	21	9	3	3
FL622_02775	63	76	80	44	18	5
FL622_02780	40	50	38	38	26	11
FL622_02785	85	112	88	82	43	18
FL622_02790	5	5	4	7	2	1
FL622_02795	10	14	8	0	0	0
FL622_02800	11	27	14	3	1	0
FL622_02805	18	30	25	44	21	6
FL622_02810	29	35	30	2	2	0
FL622_02815	9	6	6	2	1	0
FL622_02820	7	6	10	2	1	0
FL622_02825	0	0	1	0	0	0
FL622_02830	0	0	0	0	0	0
FL622_02835	8	3	5	0	0	0
FL622_02840	8	3	6	0	0	0
FL622_02845	8	4	4	0	0	0
FL622_02850	4	2	1	0	0	0
FL622_02855	35	32	17	13	14	26
FL622_02860	2	6	1	1	0	1
FL622_02865	2	1	3	1	0	0
FL622_02870	2	2	5	2	2	0
FL622_02875	6	13	7	9	6	1
FL622_02880	6	5	4	3	3	1
FL622_02885	4	2	1	6	0	0
FL622_02890	8	2	4	13	0	1
FL622_02895	9	0	3	9	4	0
FL622_02900	44	37	61	34	6	4
FL622_02905	10	15	11	10	3	0
FL622_02910	1	0	2	0	0	0
FL622_02915	0	1	0	0	0	0
FL622_02920	0	4	1	0	0	0
FL622_02925	3	5	1	0	0	0
FL622_02935	258	260	220	11	7	2
FL622_02940	138	133	101	1	5	2
FL622_02945	6	14	11	0	1	0
FL622_02950	90	120	99	56	34	13
FL622_02955	57	68	63	19	5	2
FL622_02960	80	99	84	17	3	2
FL622_02965	66	110	67	9	1	2
FL622_02970	45	59	63	6	2	0
FL622_02975	39	53	75	1	2	0
FL622_02980	34	55	58	6	2	0
FL622_02985	10	14	15	1	0	0
FL622_02990	25	33	50	1	0	0
FL622_02995	32	47	35	4	0	0
FL622_03000	19	21	17	0	0	0
FL622_03005	14	29	30	1	2	0
FL622_03010	110	130	109	6	3	1
FL622_03015	56	83	78	3	2	0
FL622_03025	13	21	19	2	1	1
FL622_03030	22	79	52	7	6	0
FL622_03035	17	41	33	4	4	0
FL622_03040	14	33	18	3	3	0
FL622_03045	51	57	55	11	5	1
FL622_03050	27	33	45	3	3	1
FL622_03055	22	40	39	1	2	0
FL622_03060	8	4	15	2	1	0
FL622_03065	12	13	6	1	1	0
FL622_03070	23	36	29	1	5	1
FL622_03075	8	2	4	0	0	0
FL622_03080	23	35	21	11	11	1
FL622_03085	2	8	6	1	3	0
FL622_03090	75	92	76	11	26	1
FL622_03095	73	70	72	16	14	0
FL622_03100	19	28	26	2	0	2
FL622_03105	14	30	16	2	1	0
FL622_03110	46	63	65	5	2	0
FL622_03115	9	15	12	0	1	0
FL622_03120	1	9	4	0	0	0
FL622_03125	9	15	18	0	0	0
FL622_03130	7	7	9	0	0	0
FL622_03135	6	10	9	1	0	0
FL622_03140	31	52	34	3	3	0
FL622_03145	26	79	70	3	3	1
FL622_03150	27	45	49	2	5	1
FL622_03155	31	56	47	2	7	0
FL622_03160	17	33	38	2	0	0
FL622_03165	0	2	0	1	0	1
FL622_03170	29	44	45	18	31	2
FL622_03175	24	37	46	15	17	6
FL622_03180	5	13	11	2	2	0
FL622_03185	19	30	21	7	4	1
FL622_03190	6	13	16	4	2	0
FL622_03195	1	3	6	0	1	0
FL622_03200	2	2	0	5	0	0
FL622_03205	4	2	8	10	1	0
FL622_03210	3	4	4	7	2	2
FL622_03215	5	7	9	0	0	0
FL622_03220	7	19	8	0	0	0
FL622_03225	1	3	10	2	0	0
FL622_03230	23	47	53	3	0	0
FL622_03235	31	46	58	14	8	0
FL622_03240	16	13	8	2	0	0
FL622_03245	0	1	1	0	0	0
FL622_03250	2	1	1	1	0	0
FL622_03255	0	1	2	2	0	0
FL622_03260	3	4	3	1	0	0
FL622_03265	3	5	7	0	0	0
FL622_03270	3	1	1	1	0	0
FL622_03275	5	1	1	1	1	0
FL622_03280	7	4	11	13	1	0
FL622_03285	5	0	3	4	0	0
FL622_03290	5	2	8	2	1	0
FL622_03295	2	3	1	0	0	0
FL622_03300	44	75	62	9	5	1
FL622_03305	25	31	28	4	2	0
FL622_03310	22	53	23	4	5	0
FL622_03315	32	48	27	6	4	0
FL622_03320	1	3	1	0	0	0
FL622_03325	20	22	16	7	4	0
FL622_03330	1	2	2	2	0	0
FL622_03335	8	5	5	9	4	1
FL622_03340	2	2	4	0	0	0
FL622_03345	16	21	12	0	0	0
FL622_03350	20	39	31	1	1	1
FL622_03355	8	7	10	1	0	0
FL622_03360	3	11	3	0	0	0
FL622_03365	7	8	20	2	0	0
FL622_03370	14	14	14	1	0	1
FL622_03385	47	33	40	25	3	1
FL622_03390	31	18	15	5	1	1
FL622_03395	1	3	3	0	0	0
FL622_03400	1	5	3	1	0	0
FL622_03405	12	16	25	0	0	0
FL622_03410	13	10	7	0	0	0
FL622_03415	25	31	26	0	0	0
FL622_03420	88	87	112	0	0	0
FL622_03425	27	32	34	0	1	0
FL622_03430	15	15	16	0	0	0
FL622_03435	26	33	25	6	3	1
FL622_03440	41	33	34	65	18	7
FL622_03445	161	171	186	23	8	7
FL622_03450	16	6	10	2	1	0
FL622_03455	6	8	4	2	0	0
FL622_03460	2	1	1	0	0	0
FL622_03465	1	2	1	0	0	1
FL622_03470	13	23	20	0	0	0
FL622_03475	18	28	20	1	0	1
FL622_03480	2	2	5	0	0	0
FL622_03485	13	14	13	1	0	0
FL622_03490	17	12	9	0	0	0
FL622_03495	1	4	4	0	0	0
FL622_03500	0	2	2	0	0	0
FL622_03505	0	0	3	0	0	0
FL622_03510	0	1	3	0	0	0
FL622_03515	1	1	7	0	0	0
FL622_03520	1	2	1	1	0	0
FL622_03525	5	6	7	3	2	0
FL622_03530	3	1	3	1	2	1
FL622_03535	2	11	5	0	0	0
FL622_03540	7	9	11	0	0	0
FL622_03545	6	8	9	2	3	0
FL622_03550	1	3	2	0	0	0
FL622_03555	1	0	2	0	0	0
FL622_03560	5	6	7	1	0	0
FL622_03565	7	3	4	0	1	0
FL622_03570	16	20	10	1	0	0
FL622_03575	13	18	23	3	1	0
FL622_03580	15	22	32	7	0	1
FL622_03585	4	5	3	0	0	0
FL622_03590	17	13	17	9	2	0
FL622_03595	8	23	12	1	4	0
FL622_03600	28	45	31	4	4	1
FL622_03605	6	10	9	0	1	0
FL622_03610	12	5	6	0	1	0
FL622_03615	2	3	2	0	0	0
FL622_03620	351	526	467	3	1	0
FL622_03625	623	735	702	9	1	1
FL622_03630	36	52	31	4	2	0
FL622_03635	27	28	28	0	0	0
FL622_03640	30	46	30	7	1	0
FL622_03645	6	7	3	2	0	0
FL622_03650	6	11	9	1	2	2
FL622_03655	18	27	20	10	7	2
FL622_03660	30	34	38	7	3	2
FL622_03675	133	166	150	3	1	1
FL622_03680	42	67	61	1	1	0
FL622_03685	52	73	62	4	0	1
FL622_03690	302	273	294	11	4	0
FL622_03695	7	4	7	0	1	0
FL622_03700	11	3	3	3	2	1
FL622_03705	33	53	56	12	9	1
FL622_03710	1	0	1	1	0	0
FL622_03715	14	3	5	6	1	0
FL622_03720	13	27	33	3	3	1
FL622_03725	3	2	4	0	0	0
FL622_03730	86	104	87	3	0	0
FL622_03735	32	38	42	2	1	0
FL622_03740	16	20	25	9	8	2
FL622_03745	27	31	40	5	8	3
FL622_03750	2	3	2	0	0	0
FL622_03755	93	92	68	3	0	2
FL622_03765	11	10	12	1	0	0
FL622_03770	6	13	13	0	1	0
FL622_03780	60	115	92	27	4	1
FL622_03785	21	37	42	3	2	0
FL622_03790	10	23	14	1	0	0
FL622_03795	7	9	15	1	0	0
FL622_03800	3	19	14	0	0	0
FL622_03805	12	28	34	0	0	0
FL622_03810	10	4	3	0	0	0
FL622_03815	12	28	19	0	0	0
FL622_03820	2	4	2	0	0	0
FL622_03825	6	17	8	0	0	0
FL622_03830	3	12	8	1	0	0
FL622_03835	7	16	17	1	1	0
FL622_03840	16	15	10	0	0	0
FL622_03845	12	17	10	0	0	0
FL622_03850	14	23	20	0	0	0
FL622_03855	13	15	14	1	0	0
FL622_03860	28	27	25	1	0	0
FL622_03865	9	8	8	0	0	0
FL622_03870	141	171	130	15	6	2
FL622_03875	17	35	28	2	0	1
FL622_03880	32	59	33	8	2	2
FL622_03885	0	0	0	1	0	0
FL622_03890	6	2	3	0	0	0
FL622_03895	13	48	20	25	37	7
FL622_03900	59	88	22	0	1	0
FL622_03905	34	44	40	2	0	0
FL622_03910	154	253	149	1	7	0
FL622_03915	91	127	88	0	0	0
FL622_03920	25	36	31	1	2	0
FL622_03925	52	70	57	1	1	0
FL622_03930	6	22	17	0	0	0
FL622_03935	11	14	28	0	0	0
FL622_03940	13	24	19	0	0	0
FL622_03945	10	4	6	2	0	0
FL622_03950	7	0	6	2	0	0
FL622_03955	2	2	3	6	0	0
FL622_03960	4	2	2	1	0	0
FL622_03965	32	3	9	15	0	2
FL622_03970	16	10	8	15	5	1
FL622_03975	33	10	16	46	6	0
FL622_03980	13	13	6	3	2	0
FL622_03985	4	5	4	0	3	0
FL622_03990	13	27	23	10	7	3
FL622_03995	12	18	14	10	0	0
FL622_04000	22	17	7	1	2	0
FL622_04005	11	24	21	0	0	0
FL622_04010	43	50	37	62	55	17
FL622_04015	26	45	20	52	65	34
FL622_04020	7	11	3	4	0	0
FL622_04025	8	14	18	2	0	0
FL622_04030	6	8	6	1	0	0
FL622_04035	23	15	16	9	3	1
FL622_04040	12	15	9	11	3	1
FL622_04045	1	2	1	0	0	0
FL622_04050	10	11	23	5	2	3
FL622_04055	1	10	6	1	1	0
FL622_04060	11	10	8	2	0	0
FL622_04065	3	1	4	0	0	1
FL622_04070	21	29	33	12	28	9
FL622_04075	2	1	2	0	1	0
FL622_04080	0	1	0	0	0	0
FL622_04085	6	15	9	0	0	0
FL622_04090	9	15	13	2	1	0
FL622_04095	3	5	9	3	3	0
FL622_04100	9	8	15	1	3	0
FL622_04105	12	7	19	7	0	0
FL622_04110	3	3	9	1	0	0
FL622_04115	21	9	15	13	3	1
FL622_04120	66	49	63	69	8	6
FL622_04125	5	9	3	15	0	1
FL622_04130	40	35	32	91	41	9
FL622_04135	7	5	1	0	0	0
FL622_04140	9	13	5	8	0	1
FL622_04145	11	2	5	10	2	4
FL622_04150	205	158	160	44	7	2
FL622_04155	31	33	27	6	1	0
FL622_04160	274	310	236	39	2	0
FL622_04165	26	35	28	16	10	4
FL622_04170	8	2	4	8	5	2
FL622_04175	4	3	6	8	6	4
FL622_04180	3	2	5	0	0	0
FL622_04185	5	6	5	0	0	0
FL622_04190	3	4	3	0	1	0
FL622_04195	3	5	1	2	0	0
FL622_04200	34	54	45	5	2	1
FL622_04205	4	13	14	2	0	0
FL622_04210	4	19	3	1	1	0
FL622_04215	8	14	11	1	0	0
FL622_04220	25	29	37	1	0	0
FL622_04225	2	2	2	1	0	0
FL622_04230	15	33	32	1	0	0
FL622_04235	3	9	4	0	0	1
FL622_04240	46	43	49	4	5	2
FL622_04245	20	30	22	3	0	0
FL622_04250	91	120	92	14	6	0
FL622_04255	121	99	78	43	25	10
FL622_04260	19	27	10	3	2	0
FL622_04265	58	63	55	26	25	17
FL622_04285	81	142	119	30	11	4
FL622_04290	16	38	34	3	5	2
FL622_04295	28	34	27	2	2	1
FL622_04300	38	34	32	4	2	0
FL622_04305	21	31	28	5	2	0
FL622_04310	9	6	9	0	2	0
FL622_04315	4	3	4	2	0	0
FL622_04320	13	11	8	1	1	0
FL622_04325	17	15	21	3	0	0
FL622_04330	10	10	8	2	0	0
FL622_04335	28	26	29	3	0	1
FL622_04340	232	197	188	33	10	5
FL622_04345	65	75	73	6	4	0
FL622_04350	5	3	5	1	0	1
FL622_04355	407	116	103	348	102	39
FL622_04360	19	18	20	4	0	0
FL622_04365	35	40	35	7	4	4
FL622_04370	13	9	12	3	3	1
FL622_04375	18	10	12	0	2	0
FL622_04380	23	29	10	2	1	0
FL622_04385	17	24	19	4	0	1
FL622_04390	24	23	27	4	1	1
FL622_04395	13	21	18	2	2	1
FL622_04400	20	28	12	6	4	1
FL622_04405	34	44	40	12	5	3
FL622_04410	12	5	3	4	0	1
FL622_04415	7	7	2	3	0	0
FL622_04420	3	6	9	4	0	1
FL622_04425	66	35	42	3	3	0
FL622_04430	36	46	46	19	12	4
FL622_04435	32	39	42	30	27	2
FL622_04440	5	13	11	8	5	0
FL622_04445	14	5	12	1	2	1
FL622_04450	5	2	3	1	0	0
FL622_04455	18	17	17	4	0	1
FL622_04460	6	5	6	1	0	0
FL622_04465	19	1	4	3	0	0
FL622_04470	18	18	12	3	1	0
FL622_04475	2	2	6	0	0	0
FL622_04480	5	7	7	0	1	0
FL622_04485	7	5	6	0	0	0
FL622_04490	8	7	2	0	0	0
FL622_04495	5	3	4	0	1	0
FL622_04500	5	0	2	1	0	0
FL622_04505	4	3	9	1	0	0
FL622_04510	3	2	4	0	1	0
FL622_04515	5	1	2	0	0	0
FL622_04520	3	4	3	0	0	0
FL622_04525	16	12	5	1	1	0
FL622_04530	5	8	2	0	0	0
FL622_04535	8	4	2	2	0	0
FL622_04540	17	10	11	2	0	0
FL622_04545	1	5	2	0	0	1
FL622_04550	1	5	1	0	0	0
FL622_04555	5	8	9	0	1	1
FL622_04560	3	1	1	0	0	0
FL622_04570	6	7	4	1	1	0
FL622_04575	3	5	4	1	0	0
FL622_04580	2	2	0	0	0	0
FL622_04585	2	1	3	1	0	0
FL622_04590	2	4	4	0	0	0
FL622_04595	2	2	4	2	1	0
FL622_04600	11	9	6	3	4	0
FL622_04605	6	7	9	0	2	1
FL622_04610	7	10	4	5	2	1
FL622_04615	0	3	2	6	2	0
FL622_04620	5	8	6	6	7	0
FL622_04625	5	3	1	3	3	0
FL622_04630	8	13	9	10	6	1
FL622_04635	8	11	11	8	3	0
FL622_04640	6	5	11	2	2	1
FL622_04645	19	15	15	6	3	3
FL622_04650	13	20	9	27	19	4
FL622_04655	15	12	3	26	24	5
FL622_04660	6	4	6	13	10	1
FL622_04665	23	24	23	6	1	2
FL622_04670	9	6	5	2	1	0
FL622_04675	8	10	15	3	1	0
FL622_04680	22	22	19	6	1	3
FL622_04685	5	17	8	0	1	2
FL622_04690	8	6	5	1	0	0
FL622_04695	8	13	12	2	0	1
FL622_04700	15	17	12	5	3	1
FL622_04705	4	4	3	1	0	0
FL622_04710	429	518	395	145	79	31
FL622_04720	21	21	20	3	7	1
FL622_04725	8	2	1	7	0	0
FL622_04730	8	3	6	8	1	0
FL622_04735	4	1	0	2	1	0
FL622_04740	16	5	7	21	1	0
FL622_04745	1	1	0	1	0	0
FL622_04750	0	0	0	0	0	0
FL622_04755	0	3	1	2	0	0
FL622_04760	0	0	0	1	0	0
FL622_04765	0	1	0	0	0	0
FL622_04770	13	7	12	6	2	0
FL622_04775	3	4	2	3	0	0
FL622_04780	16	24	13	2	7	0
FL622_04785	11	13	13	0	7	0
FL622_04790	19	13	11	23	11	2
FL622_04795	25	8	10	20	7	5
FL622_04800	15	8	7	16	7	2
FL622_04805	10	0	3	10	1	0
FL622_04815	1	3	0	0	0	0
FL622_04820	18	16	9	0	0	0
FL622_04825	3	5	1	0	0	0
FL622_04830	5	4	3	0	0	0
FL622_04835	8	5	8	1	0	0
FL622_04840	15	16	21	5	0	0
FL622_04845	1	9	3	0	0	0
FL622_04850	18	10	13	5	0	0
FL622_04855	13	13	16	3	4	0
FL622_04865	7	12	9	4	3	1
FL622_04870	2	3	2	0	0	0
FL622_04875	16	15	29	2	0	0
FL622_04880	7	9	8	1	0	0
FL622_04885	13	10	15	2	1	0
FL622_04890	26	22	31	30	2	2
FL622_04895	6	2	7	2	0	0
FL622_04900	1	6	3	2	1	0
FL622_04910	6	2	6	0	1	0
FL622_04915	29	57	46	19	11	3
FL622_04920	5	13	8	12	1	2
FL622_04925	10	15	15	14	9	1
FL622_04930	10	13	13	11	9	6
FL622_04935	40	33	36	21	11	6
FL622_04940	3	8	15	0	0	0
FL622_04945	8	7	33	0	0	0
FL622_04950	4	5	29	0	0	0
FL622_04955	33	22	99	2	0	2
FL622_04960	9	10	28	1	0	0
FL622_04965	5	7	10	1	0	0
FL622_04970	4	4	14	0	0	0
FL622_04975	11	15	18	1	1	1
FL622_04980	11	13	24	3	0	1
FL622_04985	53	78	65	1	1	0
FL622_04990	1	1	0	0	0	0
FL622_04995	2	2	0	1	1	0
FL622_05000	2	5	0	0	0	0
FL622_05005	4	1	2	1	0	1
FL622_05010	0	2	0	2	1	0
FL622_05015	3	1	1	0	0	0
FL622_05020	0	0	1	0	0	0
FL622_05025	3	0	0	0	0	0
FL622_05030	1	2	0	0	0	0
FL622_05035	1	1	0	1	2	1
FL622_05040	15	30	26	3	0	0
FL622_05045	12	12	6	1	2	0
FL622_05050	14	27	21	6	1	0
FL622_05055	3	14	13	4	3	0
FL622_05060	19	23	12	1	1	2
FL622_05065	6	15	10	2	1	1
FL622_05070	12	20	13	3	0	0
FL622_05075	5	15	12	6	1	0
FL622_05080	3	0	5	0	0	0
FL622_05085	15	20	12	1	0	2
FL622_05090	11	12	8	3	0	0
FL622_05095	0	2	1	0	0	0
FL622_05100	57	69	37	23	36	19
FL622_05105	1	2	2	0	0	0
FL622_05110	6	6	5	3	5	0
FL622_05115	63	24	22	23	18	9
FL622_05120	57	55	27	6	2	0
FL622_05125	35	29	21	1	1	0
FL622_05130	7	10	14	3	0	0
FL622_05135	0	5	4	0	0	0
FL622_05145	10	17	8	0	1	0
FL622_05150	4	8	13	9	3	0
FL622_05155	8	0	1	0	0	0
FL622_05160	1	0	0	0	0	0
FL622_05165	2	0	0	1	0	0
FL622_05175	58	74	72	5	5	1
FL622_05180	33	58	45	16	2	2
FL622_05185	10	10	13	5	0	1
FL622_05190	47	29	19	12	10	3
FL622_05195	4	5	3	2	0	0
FL622_05200	12	3	11	1	1	0
FL622_05205	46	64	63	5	1	1
FL622_05210	15	34	29	0	0	1
FL622_05215	8	10	15	2	3	0
FL622_05220	1	1	1	1	0	1
FL622_05225	7	4	3	3	0	0
FL622_05230	5	9	5	15	3	1
FL622_05235	6	7	8	7	4	0
FL622_05240	2	2	1	2	3	0
FL622_05245	3	5	5	2	3	0
FL622_05250	3	10	8	2	0	0
FL622_05255	6	5	5	1	0	0
FL622_05260	9	14	13	2	0	0
FL622_05265	18	28	22	2	2	0
FL622_05270	35	43	17	2	1	1
FL622_05275	3	13	0	1	0	0
FL622_05285	4	2	5	0	0	1
FL622_05290	15	26	27	1	1	0
FL622_05295	189	243	144	19	8	3
FL622_05300	25	17	14	1	1	0
FL622_05305	4	4	4	0	0	0
FL622_05310	16	34	20	0	1	0
FL622_05315	10	18	14	0	1	0
FL622_05320	11	18	19	0	0	0
FL622_05325	7	4	10	0	0	1
FL622_05330	1	2	4	0	0	1
FL622_05335	4	7	14	9	0	1
FL622_05340	3	2	0	4	0	0
FL622_05345	7	15	13	15	20	14
FL622_05350	10	13	16	37	33	3
FL622_05355	4	7	4	8	14	4
FL622_05360	29	30	39	0	1	0
FL622_05365	2	3	2	0	1	0
FL622_05370	15	27	24	2	0	0
FL622_05375	11	6	6	1	0	0
FL622_05380	26	35	39	2	1	0
FL622_05385	1	1	4	0	0	0
FL622_05390	3	4	4	1	0	0
FL622_05395	14	17	14	1	0	0
FL622_05400	14	28	22	1	0	0
FL622_05405	42	53	50	5	1	2
FL622_05410	14	35	30	0	2	1
FL622_05415	55	61	80	7	3	0
FL622_05420	249	339	243	38	8	3
FL622_05425	51	62	69	9	5	3
FL622_05430	22	47	32	11	5	1
FL622_05435	51	101	88	15	2	1
FL622_05440	44	76	84	14	10	0
FL622_05445	57	32	36	17	10	0
FL622_05450	10	20	12	22	16	2
FL622_05455	10	10	12	25	14	7
FL622_05460	31	45	30	86	80	30
FL622_05465	88	64	55	5	4	0
FL622_05470	36	21	7	4	2	1
FL622_05475	5	12	3	0	0	0
FL622_05480	28	33	25	12	5	3
FL622_05485	2	4	1	0	0	0
FL622_05490	3	2	2	0	0	0
FL622_05495	5	10	9	1	0	0
FL622_05500	17	17	10	0	0	0
FL622_05505	9	10	8	2	0	0
FL622_05510	2	3	4	0	0	0
FL622_05515	1	4	5	1	0	0
FL622_05520	6	8	7	3	3	0
FL622_05525	2	4	1	0	0	0
FL622_05530	4	1	4	0	0	0
FL622_05535	1	0	3	2	0	0
FL622_05540	5	2	3	8	0	0
FL622_05545	24	5	8	13	2	2
FL622_05550	9	6	9	11	3	1
FL622_05555	12	12	1	0	0	0
FL622_05560	26	96	73	13	10	2
FL622_05565	10	3	5	6	1	0
FL622_05570	1	0	0	0	0	0
FL622_05575	4	1	0	0	0	0
FL622_05580	4	0	0	2	1	0
FL622_05585	5	0	0	1	0	0
FL622_05590	1	2	1	0	0	0
FL622_05595	1	0	0	1	0	0
FL622_05600	1	0	2	1	0	0
FL622_05605	0	0	1	0	0	0
FL622_05610	0	1	1	1	0	0
FL622_05615	7	2	3	0	0	0
FL622_05620	2	0	0	0	0	0
FL622_05625	8	0	2	1	0	0
FL622_05630	2	0	0	0	0	0
FL622_05635	1	2	0	0	0	0
FL622_05640	7	0	0	0	0	0
FL622_05650	8	0	5	0	0	0
FL622_05655	5	0	0	2	0	0
FL622_05660	0	0	0	0	0	0
FL622_05665	1	1	1	1	0	0
FL622_05670	4	0	1	1	0	0
FL622_05675	2	1	0	1	0	0
FL622_05680	9	0	3	2	1	0
FL622_05685	7	2	2	1	0	0
FL622_05690	6	6	5	1	0	0
FL622_05695	2	0	3	0	0	0
FL622_05700	0	1	0	1	0	0
FL622_05705	2	1	3	0	0	0
FL622_05710	3	7	2	5	0	0
FL622_05715	9	15	7	7	7	1
FL622_05720	3	3	2	1	0	0
FL622_05725	1	4	0	0	0	0
FL622_05730	6	4	2	0	0	0
FL622_05735	2	3	5	2	1	0
FL622_05745	26	34	23	25	17	19
FL622_05750	0	1	1	5	7	0
FL622_05755	5	4	4	10	13	2
FL622_05765	2	6	8	1	1	0
FL622_05770	2	6	2	0	0	0
FL622_05775	8	13	19	0	0	0
FL622_05790	2	9	5	0	1	0
FL622_05795	6	10	15	3	0	0
FL622_05800	9	18	17	10	9	2
FL622_05805	1	3	4	0	1	0
FL622_05810	2	5	0	0	0	0
FL622_05815	0	1	4	0	0	0
FL622_05820	2	5	7	1	1	0
FL622_05825	6	12	11	4	1	1
FL622_05830	4	11	3	2	0	0
FL622_05835	3	1	1	0	0	0
FL622_05840	7	9	3	5	4	0
FL622_05845	12	5	5	1	0	0
FL622_05850	44	61	37	68	48	15
FL622_05855	12	11	7	10	9	5
FL622_05860	18	10	13	18	14	9
FL622_05865	21	25	26	36	59	29
FL622_05870	15	14	17	55	51	16
FL622_05875	9	3	4	3	1	0
FL622_05880	29	16	13	5	3	2
FL622_05890	11	23	10	1	1	1
FL622_05895	13	9	13	2	0	0
FL622_05900	32	42	31	4	1	0
FL622_05905	59	84	48	4	0	5
FL622_05915	41	51	33	1	5	5
FL622_05920	47	73	34	7	1	1
FL622_05925	37	48	29	5	0	0
FL622_05930	28	23	19	4	1	3
FL622_05940	37	43	27	6	0	2
FL622_05945	179	244	172	24	3	7
FL622_05950	57	115	66	10	1	2
FL622_05955	60	102	78	15	7	7
FL622_05960	48	45	30	1	1	0
FL622_05965	28	35	19	7	3	0
FL622_05970	35	51	29	4	1	0
FL622_05975	54	68	42	6	2	1
FL622_05980	54	72	62	15	4	1
FL622_05985	72	98	71	5	2	3
FL622_05990	5	11	2	1	0	0
FL622_05995	37	65	56	3	2	0
FL622_06000	5	14	6	0	0	0
FL622_06005	4	3	3	0	0	0
FL622_06015	14	19	17	2	0	0
FL622_06020	7	14	18	2	0	0
FL622_06025	11	24	24	0	0	0
FL622_06030	13	22	15	1	0	1
FL622_06035	19	28	16	4	0	1
FL622_06040	24	53	39	4	4	0
FL622_06045	7	10	7	0	0	0
FL622_06050	18	31	25	1	1	0
FL622_06055	4	10	10	1	0	0
FL622_06060	12	22	12	2	1	0
FL622_06065	4	17	19	1	0	0
FL622_06070	8	18	6	0	2	0
FL622_06075	9	11	8	2	0	0
FL622_06080	29	36	24	3	1	1
FL622_06085	6	6	12	0	0	0
FL622_06090	4	7	4	0	0	0
FL622_06100	10	10	14	1	0	0
FL622_06105	7	20	12	1	0	0
FL622_06110	1	3	5	2	0	0
FL622_06115	16	25	22	2	0	0
FL622_06120	10	13	9	0	0	0
FL622_06125	7	13	14	4	0	0
FL622_06130	25	34	22	1	0	0
FL622_06135	27	35	38	1	0	0
FL622_06140	44	59	42	2	2	1
FL622_06145	19	56	39	1	0	1
FL622_06150	94	119	92	11	8	0
FL622_06155	91	132	108	7	1	0
FL622_06160	0	2	4	0	0	0
FL622_06165	13	18	15	1	0	0
FL622_06170	28	44	43	5	0	0
FL622_06180	14	20	23	2	0	0
FL622_06185	23	37	24	0	0	0
FL622_06190	6	4	5	0	0	0
FL622_06195	2	0	1	0	0	0
FL622_06205	21	17	18	0	0	1
FL622_06210	100	61	90	5	0	1
FL622_06215	16	25	32	4	2	0
FL622_06220	7	6	9	4	0	1
FL622_06225	0	0	1	0	0	0
FL622_06230	7	16	9	3	1	1
FL622_06235	7	6	2	2	1	0
FL622_06240	1	1	0	5	2	0
FL622_06245	18	17	16	41	16	2
FL622_06250	37	42	38	14	9	1
FL622_06255	32	58	72	33	37	1
FL622_06260	10	12	9	11	14	6
FL622_06265	13	16	18	13	7	0
FL622_06270	2	2	1	2	1	1
FL622_06275	2	5	2	4	1	1
FL622_06280	10	11	6	49	13	3
FL622_06285	1	4	2	1	1	0
FL622_06290	8	6	7	2	0	0
FL622_06295	10	14	10	6	0	0
FL622_06300	1	1	0	0	0	0
FL622_06305	3	1	0	3	3	1
FL622_06310	6	0	0	6	4	2
FL622_06315	4	1	0	0	0	0
FL622_06320	12	6	2	1	1	0
FL622_06325	14	11	7	8	0	0
FL622_06330	17	18	17	1	1	0
FL622_06335	79	108	75	6	3	0
FL622_06340	46	51	66	6	1	0
FL622_06345	22	17	28	7	1	1
FL622_06350	72	76	91	17	4	1
FL622_06355	8	8	8	4	0	0
FL622_06360	7	12	9	1	0	0
FL622_06365	8	4	8	1	0	0
FL622_06370	26	27	35	9	1	0
FL622_06375	0	0	0	0	0	0
FL622_06380	1	0	0	0	0	0
FL622_06385	2	4	1	0	0	0
FL622_06390	0	2	3	0	0	0
FL622_06395	40	71	70	7	5	2
FL622_06400	65	89	82	5	4	1
FL622_06405	46	48	54	6	0	0
FL622_06410	151	206	138	16	7	7
FL622_06420	11	14	14	6	4	3
FL622_06425	24	33	31	19	8	7
FL622_06430	42	107	74	15	12	8
FL622_06435	31	46	36	8	5	4
FL622_06440	10	13	10	3	0	0
FL622_06445	1	0	3	0	3	1
FL622_06450	2	1	1	1	1	0
FL622_06455	2	2	1	3	1	0
FL622_06460	3	2	4	3	2	0
FL622_06465	5	3	2	1	0	0
FL622_06470	10	5	6	0	1	4
FL622_06475	95	130	98	95	48	20
FL622_06480	3	2	1	0	0	0
FL622_06490	59	80	66	13	1	0
FL622_06495	5	6	1	0	0	0
FL622_06500	40	86	47	0	0	0
FL622_06505	10	8	3	1	0	0
FL622_06510	18	20	10	4	2	1
FL622_06515	8	9	23	3	0	0
FL622_06520	31	33	35	18	7	3
FL622_06525	14	13	18	37	28	5
FL622_06530	3	1	3	5	5	0
FL622_06535	19	38	34	11	3	0
FL622_06540	1206	962	1046	368	125	76
FL622_06545	39	9	18	37	15	10
FL622_06550	3	4	6	1	0	0
FL622_06555	3	3	3	4	0	0
FL622_06560	33	39	55	31	13	2
FL622_06565	18	16	22	15	8	1
FL622_06570	30	44	24	4	0	0
FL622_06575	4	7	12	1	0	0
FL622_06580	10	22	22	0	0	0
FL622_06585	168	506	401	103	24	14
FL622_06590	74	93	78	35	7	5
FL622_06595	19	44	22	27	7	3
FL622_06600	29	40	23	2	0	0
FL622_06605	3	5	2	0	0	0
FL622_06610	4	0	1	1	1	0
FL622_06615	2	5	10	5	1	0
FL622_06620	2	0	4	0	1	0
FL622_06625	5	4	2	1	0	0
FL622_06630	0	1	0	0	0	0
FL622_06635	2	0	2	0	1	0
FL622_06640	5	2	3	7	3	0
FL622_06645	0	1	0	1	0	1
FL622_06650	1	8	1	1	0	0
FL622_06655	3	4	4	1	0	0
FL622_06660	2	1	4	0	0	0
FL622_06665	1	2	3	0	0	0
FL622_06675	13	14	15	4	0	0
FL622_06680	10	13	18	1	0	0
FL622_06690	14	33	18	2	1	0
FL622_06695	1	4	1	2	0	0
FL622_06700	15	19	14	4	1	2
FL622_06705	10	14	10	0	0	1
FL622_06710	3	6	6	0	0	0
FL622_06715	4	3	3	0	0	0
FL622_06720	3	2	5	0	0	0
FL622_06725	11	5	18	3	2	1
FL622_06730	4	5	11	2	0	0
FL622_06735	5	2	8	0	0	0
FL622_06740	7	16	18	0	0	0
FL622_06745	0	3	3	0	0	0
FL622_06750	8	11	9	1	0	0
FL622_06755	12	26	18	0	1	0
FL622_06760	30	39	41	1	1	0
FL622_06765	21	68	28	0	0	0
FL622_06770	0	0	1	0	0	0
FL622_06775	3	4	3	5	2	0
FL622_06785	1	7	3	1	0	1
FL622_06790	20	20	23	3	4	1
FL622_06795	1	1	2	0	2	0
FL622_06800	2	5	5	5	3	0
FL622_06805	3	1	1	0	1	0
FL622_06810	9	6	7	5	0	0
FL622_06815	4	4	6	2	0	0
FL622_06820	5	1	1	1	0	0
FL622_06825	9	2	6	1	0	0
FL622_06830	2	6	12	1	0	0
FL622_06835	2	3	3	1	0	0
FL622_06840	0	0	1	0	0	0
FL622_06845	53	84	86	13	9	1
FL622_06850	3	5	4	3	2	0
FL622_06855	2	0	4	2	1	0
FL622_06860	0	1	0	0	0	0
FL622_06865	9	6	5	2	2	1
FL622_06870	6	1	0	3	4	0
FL622_06875	4	1	0	1	1	0
FL622_06880	0	0	0	1	0	0
FL622_06885	4	0	2	4	0	1
FL622_06895	2	1	2	0	1	0
FL622_06900	3	4	1	1	1	0
FL622_06905	0	5	0	0	1	1
FL622_06910	1	1	0	1	0	0
FL622_06920	57	53	43	4	2	0
FL622_06925	30	38	31	4	0	1
FL622_06930	111	159	126	6	3	1
FL622_06935	13	25	25	0	0	1
FL622_06940	43	49	45	1	2	0
FL622_06945	15	12	10	1	1	0
FL622_06950	84	98	71	1	0	0
FL622_06955	29	26	33	1	0	0
FL622_06960	35	37	44	1	0	0
FL622_06965	38	55	46	10	6	0
FL622_06970	41	48	56	16	9	1
FL622_06975	25	54	36	9	1	1
FL622_06980	23	19	37	2	0	0
FL622_06985	199	217	163	86	52	18
FL622_06990	583	737	671	416	267	104
FL622_06995	121	105	98	38	37	12
FL622_07000	36	42	41	7	10	3
FL622_07005	42	17	19	17	3	2
FL622_07010	19	24	22	6	2	2
FL622_07015	20	23	11	1	2	0
FL622_07020	15	18	19	1	0	0
FL622_07025	32	77	46	1	1	0
FL622_07030	57	114	67	1	1	0
FL622_07035	20	24	18	20	13	4
FL622_07040	1	1	0	0	0	0
FL622_07045	19	24	17	3	0	1
FL622_07050	5	4	10	2	2	0
FL622_07055	1	6	4	0	0	0
FL622_07060	2	4	6	0	0	0
FL622_07065	16	18	13	6	1	0
FL622_07070	6	4	4	0	0	1
FL622_07075	5	6	1	1	1	0
FL622_07080	8	7	5	0	0	0
FL622_07085	28	27	18	0	2	0
FL622_07090	12	7	12	5	3	0
FL622_07095	27	39	46	4	1	0
FL622_07100	20	46	40	1	3	0
FL622_07105	11	21	25	2	1	0
FL622_07110	5	11	6	1	0	0
FL622_07115	41	58	55	2	3	0
FL622_07120	29	35	22	1	1	0
FL622_07125	100	147	83	5	4	0
FL622_07130	15	26	13	0	0	0
FL622_07135	120	98	73	14	6	1
FL622_07140	10	13	19	0	1	0
FL622_07145	57	51	50	26	5	1
FL622_07150	19	12	4	4	0	0
FL622_07155	84	141	51	4	5	3
FL622_07160	33	45	31	0	5	1
FL622_07165	24	39	19	2	1	0
FL622_07170	8	9	5	1	0	0
FL622_07175	8	5	8	0	0	0
FL622_07180	21	18	14	8	10	4
FL622_07185	7	12	9	4	10	3
FL622_07190	32	40	42	34	43	14
FL622_07195	20	30	27	20	17	4
FL622_07200	20	41	23	5	6	4
FL622_07205	23	39	60	11	4	0
FL622_07210	105	229	122	23	17	9
FL622_07215	58	104	81	9	11	3
FL622_07220	29	33	29	7	1	1
FL622_07225	39	61	45	3	1	2
FL622_07230	40	38	24	1	2	1
FL622_07235	97	135	90	16	13	5
FL622_07240	22	21	14	1	2	1
FL622_07245	78	86	75	6	2	3
FL622_07250	57	94	46	8	5	2
FL622_07255	70	76	65	7	2	2
FL622_07260	89	97	76	7	0	1
FL622_07265	9	19	15	0	0	0
FL622_07275	95	93	57	6	1	0
FL622_07280	19	23	19	1	0	0
FL622_07285	18	13	20	1	0	0
FL622_07290	13	6	12	2	0	0
FL622_07295	28	23	27	11	1	0
FL622_07300	20	30	26	5	3	2
FL622_07305	5	9	9	1	0	0
FL622_07310	53	62	76	23	25	5
FL622_07315	1143	1251	1209	452	421	130
FL622_07320	62	104	69	56	66	19
FL622_07325	142	185	173	178	146	33
FL622_07330	71	40	26	23	42	13
FL622_07335	8	5	9	4	7	0
FL622_07340	14	12	15	5	8	3
FL622_07345	9	12	10	3	3	0
FL622_07350	1	2	5	4	1	0
FL622_07355	4	13	9	0	6	0
FL622_07360	0	2	4	1	0	1
FL622_07365	20	21	17	9	3	1
FL622_07370	215	582	422	5	0	0
FL622_07375	17	12	20	9	0	2
FL622_07380	12	10	12	17	4	0
FL622_07385	4	4	6	7	4	1
FL622_07390	11	11	4	9	6	1
FL622_07395	19	20	26	9	4	1
FL622_07400	9	18	18	2	0	0
FL622_07405	7	6	10	1	1	0
FL622_07410	10	20	14	0	0	0
FL622_07415	12	33	33	1	0	0
FL622_07420	6	9	5	2	0	0
FL622_07425	4	13	10	3	1	0
FL622_07430	73	209	146	9	0	0
FL622_07435	31	86	84	4	1	0
FL622_07440	47	138	116	5	0	0
FL622_07445	44	133	82	4	0	0
FL622_07450	60	161	180	11	0	0
FL622_07455	33	37	41	1	0	0
FL622_07460	4	6	3	0	0	0
FL622_07465	6	8	14	1	0	0
FL622_07470	4	5	8	0	0	0
FL622_07475	4	3	4	0	0	0
FL622_07480	17	7	22	4	2	0
FL622_07485	7	5	12	8	1	1
FL622_07490	6	5	6	4	0	1
FL622_07495	1	2	1	0	0	0
FL622_07500	3	1	0	0	0	0
FL622_07505	1	4	6	4	2	0
FL622_07510	13	17	8	0	0	0
FL622_07515	0	0	1	1	1	0
FL622_07520	1	8	5	8	5	2
FL622_07525	314	211	216	13	1	0
FL622_07530	104	91	98	4	0	0
FL622_07535	35	26	20	1	0	0
FL622_07540	1	4	8	0	0	0
FL622_07545	2	2	2	1	0	0
FL622_07550	2	2	2	0	0	0
FL622_07555	6	7	7	4	2	1
FL622_07560	4	1	1	0	0	0
FL622_07565	1	3	2	0	1	0
FL622_07570	13	8	14	0	1	0
FL622_07575	19	19	19	7	5	3
FL622_07580	2	5	5	0	1	0
FL622_07585	7	15	10	5	0	0
FL622_07590	24	24	35	4	0	2
FL622_07595	58	107	76	3	7	1
FL622_07600	28	45	25	0	5	1
FL622_07605	219	309	231	18	13	6
FL622_07610	4	2	6	5	1	0
FL622_07615	2	6	1	1	0	3
FL622_07620	4	3	5	8	5	0
FL622_07625	20	10	8	15	5	2
FL622_07630	7	10	2	6	2	0
FL622_07635	5	4	1	7	2	0
FL622_07640	23	32	18	89	136	56
FL622_07645	45	15	13	37	24	3
FL622_07650	9	1	7	13	3	1
FL622_07655	14	21	13	8	2	0
FL622_07660	11	18	16	3	2	4
FL622_07665	3	2	3	4	1	0
FL622_07670	0	6	5	0	0	0
FL622_07675	3	5	10	1	0	0
FL622_07685	1	6	4	1	0	0
FL622_07690	7	9	8	0	0	0
FL622_07695	5	6	5	0	0	0
FL622_07700	0	1	1	0	0	0
FL622_07705	10	3	12	1	0	1
FL622_07710	6	12	16	1	1	0
FL622_07715	9	8	13	0	1	0
FL622_07720	31	49	59	2	0	0
FL622_07725	6	12	6	3	0	0
FL622_07730	45	79	93	3	4	0
FL622_07735	9	8	8	0	0	0
FL622_07740	6	8	3	3	0	0
FL622_07745	11	17	25	6	1	1
FL622_07750	4	1	3	0	0	0
FL622_07755	0	0	2	1	1	0
FL622_07760	2	5	2	0	0	0
FL622_07765	2	0	2	1	0	0
FL622_07770	12	14	19	20	6	4
FL622_07775	9	5	5	2	0	0
FL622_07780	15	26	17	4	2	2
FL622_07785	14	29	15	3	0	2
FL622_07790	8	7	12	4	2	1
FL622_07795	45	77	34	1	3	1
FL622_07800	7	10	7	5	0	1
FL622_07805	6	3	4	4	3	0
FL622_07810	1	0	0	1	0	0
FL622_07820	3	1	0	0	1	0
FL622_07825	7	6	5	7	5	0
FL622_07830	0	2	3	0	1	0
FL622_07835	2	1	1	0	0	0
FL622_07840	0	0	1	0	0	0
FL622_07845	7	8	11	0	0	0
FL622_07850	4	2	3	0	0	0
FL622_07855	2	3	0	0	0	0
FL622_07860	9	13	10	4	2	0
FL622_07865	4	3	2	1	1	0
FL622_07870	36	63	34	3	0	0
FL622_07875	42	36	32	1	0	0
FL622_07880	4	0	2	1	0	0
FL622_07885	51	35	42	6	7	2
FL622_07890	7	30	10	5	6	0
FL622_07895	1	12	9	2	0	0
FL622_07900	4	6	9	0	0	0
FL622_07905	1	1	4	0	0	0
FL622_07910	1	0	4	3	1	0
FL622_07915	10	16	9	5	5	1
FL622_07920	22	15	4	1	0	1
FL622_07940	0	3	2	1	0	0
FL622_07945	5	7	19	1	0	0
FL622_07950	13	37	27	1	0	0
FL622_07955	22	33	22	3	2	0
FL622_07960	2	8	8	1	0	0
FL622_07965	10	6	8	2	1	0
FL622_07970	8	8	5	1	0	0
FL622_07975	58	142	106	21	25	3
FL622_07980	49	164	108	8	8	0
FL622_07985	6	9	13	3	1	0
FL622_07990	10	40	34	2	2	2
FL622_07995	69	162	88	9	10	1
FL622_08000	45	42	46	2	1	0
FL622_08005	0	1	1	0	0	0
FL622_08010	1	6	3	0	0	0
FL622_08015	4	7	8	0	1	0
FL622_08020	4	6	11	3	0	0
FL622_08025	12	8	6	3	0	0
FL622_08030	2	2	2	3	0	0
FL622_08035	1	0	2	3	2	0
FL622_08040	8	4	1	11	5	3
FL622_08045	28	26	19	51	50	16
FL622_08050	34	28	32	55	34	12
FL622_08055	4	0	0	3	8	3
FL622_08060	21	25	11	40	44	22
FL622_08065	23	14	24	3	0	1
FL622_08070	2	7	6	0	0	0
FL622_08075	1	0	1	0	0	0
FL622_08080	2	2	3	1	0	0
FL622_08085	4	3	1	0	0	0
FL622_08090	1	1	1	0	0	0
FL622_08095	3	0	0	0	0	0
FL622_08100	0	1	2	0	0	0
FL622_08105	19	24	20	2	1	0
FL622_08110	30	43	25	1	1	0
FL622_08115	15	21	16	5	3	1
FL622_08120	0	2	1	0	0	0
FL622_08125	9	9	12	0	2	0
FL622_08130	3	7	4	1	0	1
FL622_08135	1	7	3	0	0	0
FL622_08140	11	8	12	6	2	0
FL622_08145	5	11	11	2	1	0
FL622_08150	1	3	4	0	0	0
FL622_08155	48	40	33	26	20	4
FL622_08160	17	4	3	16	1	0
FL622_08165	4	17	4	0	0	0
FL622_08170	2	1	4	0	0	0
FL622_08175	6	6	6	0	0	0
FL622_08185	35	71	52	5	2	0
FL622_08190	14	24	18	7	2	2
FL622_08195	21	19	13	8	1	0
FL622_08200	62	96	72	5	4	3
FL622_08205	193	327	215	35	19	2
FL622_08210	18	7	5	1	3	0
FL622_08215	145	375	344	13	7	3
FL622_08220	17	37	22	4	0	1
FL622_08225	1	1	1	2	0	0
FL622_08230	10	7	6	11	1	0
FL622_08235	10	4	1	5	0	0
FL622_08240	5	2	4	1	1	0
FL622_08245	10	8	12	13	1	1
FL622_08250	3	1	0	4	0	0
FL622_08255	8	3	2	1	0	0
FL622_08260	12	7	5	7	1	1
FL622_08265	42	85	115	13	18	3
FL622_08275	18	20	12	9	4	0
FL622_08280	8	14	12	6	1	0
FL622_08285	4	1	3	1	1	0
FL622_08290	18	31	15	9	2	0
FL622_08295	3	1	1	3	0	0
FL622_08300	6	13	9	1	0	0
FL622_08310	28	50	44	3	5	1
FL622_08315	3	5	8	2	0	0
FL622_08320	6	7	1	3	1	0
FL622_08325	11	9	13	18	9	4
FL622_08330	8	2	5	11	4	1
FL622_08335	3	6	4	3	2	0
FL622_08340	7	5	10	1	1	0
FL622_08345	3	4	2	1	3	0
FL622_08350	4	5	3	1	1	0
FL622_08355	105	47	60	22	3	1
FL622_08360	31	9	23	4	3	1
FL622_08365	0	8	4	2	0	0
FL622_08370	12	13	13	3	0	0
FL622_08375	42	61	79	5	1	0
FL622_08380	27	50	42	5	1	0
FL622_08385	8	14	8	1	0	0
FL622_08390	11	19	16	5	2	1
FL622_08395	5	16	11	1	1	0
FL622_08400	25	41	44	4	2	0
FL622_08405	6	5	2	0	0	0
FL622_08410	16	15	26	6	1	0
FL622_08415	14	13	19	1	1	0
FL622_08420	4	10	6	1	0	0
FL622_08425	8	2	9	15	3	0
FL622_08430	24	19	24	11	5	0
FL622_08435	92	53	36	19	3	4
FL622_08440	32	27	29	11	4	2
FL622_08445	144	100	111	226	56	21
FL622_08450	7	17	15	9	2	0
FL622_08455	14	10	20	9	1	0
FL622_08460	7	3	15	3	0	0
FL622_08465	21	26	27	3	0	0
FL622_08470	15	14	16	1	0	0
FL622_08475	12	24	9	0	0	0
FL622_08480	49	80	54	6	0	0
FL622_08485	51	81	71	4	0	0
FL622_08490	15	8	15	41	5	3
FL622_08495	1	2	0	2	1	1
FL622_08500	0	2	2	0	0	0
FL622_08505	0	6	2	0	0	0
FL622_08510	6	12	9	0	0	0
FL622_08515	5	12	8	0	0	0
FL622_08520	1	2	2	0	0	0
FL622_08525	1	4	4	1	0	0
FL622_08530	0	0	1	0	0	0
FL622_08535	0	2	5	0	1	0
FL622_08540	0	2	1	0	0	0
FL622_08545	2	1	1	1	0	0
FL622_08550	1	0	0	0	0	0
FL622_08555	7	8	7	3	2	0
FL622_08560	0	0	2	1	0	0
FL622_08565	2	1	1	0	0	0
FL622_08570	4	13	11	0	0	0
FL622_08575	5	3	5	1	0	0
FL622_08580	8	14	14	0	0	0
FL622_08585	2	2	0	0	0	0
FL622_08590	2	4	4	1	0	0
FL622_08595	15	23	21	3	2	2
FL622_08600	4	7	5	10	9	0
FL622_08605	1	5	3	1	0	0
FL622_08610	41	90	83	2	1	0
FL622_08615	7	7	11	2	1	0
FL622_08620	1	2	1	11	2	0
FL622_08625	173	391	371	9	3	1
FL622_08630	88	161	138	7	3	3
FL622_08635	8	20	15	9	1	0
FL622_08640	16	31	21	3	1	1
FL622_08645	1	4	4	0	0	0
FL622_08650	30	41	47	13	6	3
FL622_08655	12	13	9	1	0	0
FL622_08660	24	12	13	5	3	0
FL622_08665	9	5	7	4	0	0
FL622_08670	5	7	4	56	28	5
FL622_08675	51	91	66	0	13	1
FL622_08680	98	113	95	1	6	1
FL622_08685	2	1	0	1	0	0
FL622_08695	7	9	8	7	1	1
FL622_08700	4	2	8	8	9	0
FL622_08705	2	4	4	5	5	0
FL622_08710	10	10	5	16	1	1
FL622_08715	18	16	11	19	9	3
FL622_08720	7	5	2	2	0	0
FL622_08725	5	9	10	1	7	1
FL622_08730	14	10	5	1	0	1
FL622_08735	2	1	0	1	0	0
FL622_08740	1	0	1	0	0	0
FL622_08745	10	14	16	1	4	0
FL622_08750	27	19	26	10	3	2
FL622_08755	11	14	13	3	0	1
FL622_08760	9	15	11	3	3	2
FL622_08765	2	4	4	1	1	0
FL622_08770	3	4	3	0	0	0
FL622_08775	5	3	9	2	0	0
FL622_08780	0	1	1	1	0	0
FL622_08785	3	4	4	0	1	0
FL622_08790	11	12	14	1	0	0
FL622_08795	0	0	1	0	0	0
FL622_08800	1	5	2	0	0	0
FL622_08805	4	6	6	1	0	0
FL622_08810	0	3	1	0	0	0
FL622_08820	4	2	8	0	0	0
FL622_08830	0	0	2	0	0	0
FL622_08835	3	1	2	0	0	0
FL622_08840	1	1	0	1	0	0
FL622_08845	1	1	1	0	0	0
FL622_08850	0	0	1	0	0	0
FL622_08855	1	2	1	0	0	1
FL622_08860	2	0	0	0	0	0
FL622_08865	0	0	0	0	0	0
FL622_08870	1	0	0	0	0	0
FL622_08875	4	0	1	1	0	0
FL622_08880	4	1	2	0	0	0
FL622_08885	2	1	2	0	0	0
FL622_08890	1	4	2	1	0	0
FL622_08895	14	21	15	5	3	0
FL622_08900	14	15	19	4	11	2
FL622_08905	1	6	2	4	0	0
FL622_08910	2	0	1	0	0	0
FL622_08915	10	18	334	192	31	15
FL622_08920	32	26	15	35	18	3
FL622_08925	7	5	9	5	4	0
FL622_08930	12	7	9	14	7	1
FL622_08935	11	2	2	14	1	1
FL622_08940	19	20	32	57	30	9
FL622_08950	9	7	6	9	5	2
FL622_08955	8	13	17	1	0	0
FL622_08960	1	7	6	1	0	0
FL622_08965	14	7	9	0	0	0
FL622_08970	0	1	1	0	0	0
FL622_08975	7	3	6	2	1	0
FL622_08985	1	0	0	0	0	0
FL622_08990	13	16	18	1	0	0
FL622_08995	5	11	6	0	0	1
FL622_09000	2	5	2	0	0	1
FL622_09005	13	14	18	9	4	1
FL622_09015	58	78	58	7	4	2
FL622_09020	48	63	67	10	5	1
FL622_09025	4	9	15	3	0	0
FL622_09030	2	18	8	1	0	1
FL622_09035	11	19	21	6	1	1
FL622_09040	1582	1654	1316	17	5	3
FL622_09045	1377	1476	1076	19	19	8
FL622_09050	1523	1708	1395	18	8	8
FL622_09055	289	325	235	3	1	2
FL622_09060	530	679	384	10	6	5
FL622_09065	570	768	436	12	4	2
FL622_09070	832	993	694	3	2	8
FL622_09075	781	846	538	7	5	3
FL622_09080	1636	2156	1779	24	6	1
FL622_09085	1179	1598	1064	6	4	5
FL622_09090	492	658	472	5	1	1
FL622_09095	1259	1700	1165	13	4	1
FL622_09100	690	911	603	10	5	5
FL622_09105	602	678	450	5	1	2
FL622_09110	293	222	186	3	3	3
FL622_09115	4	11	6	0	0	0
FL622_09120	31	27	38	2	1	0
FL622_09125	98	82	101	7	2	2
FL622_09130	32	46	42	2	1	0
FL622_09135	116	142	118	9	3	2
FL622_09140	4	3	4	0	1	0
FL622_09145	14	16	22	2	3	0
FL622_09150	4	4	0	1	1	0
FL622_09155	1	2	3	0	0	0
FL622_09160	12	16	30	4	1	0
FL622_09165	11	14	9	1	0	0
FL622_09170	18	1	3	4	0	0
FL622_09175	14	6	7	6	2	0
FL622_09180	1	0	1	1	0	0
FL622_09185	9	2	1	3	1	0
FL622_09190	47	58	50	5	0	0
FL622_09195	2	10	14	0	0	0
FL622_09200	6	11	9	1	0	0
FL622_09205	16	17	8	11	3	0
FL622_09210	2	2	1	1	0	0
FL622_09215	5	12	7	2	2	0
FL622_09220	0	7	2	1	0	0
FL622_09225	94	98	77	21	22	8
FL622_09230	147	90	175	22	2	3
FL622_09235	27	21	38	4	3	1
FL622_09245	63	66	69	9	6	0
FL622_09250	32	24	19	9	3	2
FL622_09255	86	68	81	9	6	0
FL622_09260	25	18	22	4	1	1
FL622_09265	60	39	47	6	4	1
FL622_09270	33	21	23	11	4	0
FL622_09275	23	38	21	7	2	1
FL622_09280	28	49	33	4	1	0
FL622_09285	3	2	0	0	1	0
FL622_09290	18	40	28	2	1	0
FL622_09295	12	12	16	2	0	1
FL622_09300	13	18	10	1	0	0
FL622_09305	31	41	55	3	1	1
FL622_09310	2	5	3	0	0	0
FL622_09315	12	19	14	1	0	1
FL622_09320	8	11	6	2	6	1
FL622_09325	5	5	6	3	3	2
FL622_09330	4	8	4	4	1	0
FL622_09335	8	3	3	6	1	0
FL622_09340	10	5	5	4	1	0
FL622_09345	11	16	16	1	2	1
FL622_09350	8	5	4	0	1	0
FL622_09365	4	5	7	0	1	2
FL622_09370	5	2	3	1	0	0
FL622_09375	2	2	3	0	0	0
FL622_09380	4	4	5	1	1	0
FL622_09385	5	12	6	0	1	0
FL622_09390	31	17	21	2	2	0
FL622_09395	2	4	2	0	0	0
FL622_09400	5	10	5	2	1	0
FL622_09405	13	22	24	2	2	0
FL622_09410	3	9	6	0	0	0
FL622_09415	2	7	12	0	0	0
FL622_09420	32	43	41	3	0	0
FL622_09425	18	33	20	0	0	0
FL622_09430	11	11	15	0	1	0
FL622_09435	67	77	45	7	2	0
FL622_09440	1	2	4	0	1	0
FL622_09445	28	58	43	0	0	0
FL622_09450	11	18	26	1	0	0
FL622_09455	35	48	59	5	1	0
FL622_09460	2	0	1	0	0	0
FL622_09465	17	21	15	2	0	0
FL622_09470	18	13	16	3	2	1
FL622_09475	7	7	8	2	0	0
FL622_09480	41	26	25	1	0	0
FL622_09485	15	21	31	8	2	2
FL622_09490	0	0	3	0	0	0
FL622_09495	8	6	9	2	1	0
FL622_09500	3	3	4	0	0	0
FL622_09505	1	2	4	2	1	0
FL622_09510	5	8	8	0	0	0
FL622_09515	0	1	2	0	0	0
FL622_09520	0	1	2	0	0	0
FL622_09525	24	25	34	1	0	0
FL622_09530	8	8	10	1	2	0
FL622_09535	8	8	7	0	0	0
FL622_09540	9	17	11	2	1	0
FL622_09545	9	8	13	5	2	3
FL622_09550	2	3	5	0	0	0
FL622_09555	15	21	19	5	4	3
FL622_09560	11	21	24	13	14	8
FL622_09565	27	9	12	13	11	3
FL622_09570	8	5	9	6	1	1
FL622_09575	2	5	2	0	1	0
FL622_09580	1	1	3	1	0	0
FL622_09585	5	6	4	1	1	0
FL622_09590	1	3	3	0	0	0
FL622_09595	7	7	4	5	3	0
FL622_09600	2	3	5	0	0	0
FL622_09605	30	42	29	45	17	2
FL622_09610	2	1	1	0	0	0
FL622_09615	21	8	12	11	5	4
FL622_09625	2	4	5	1	0	2
FL622_09630	2	3	0	3	1	0
FL622_09635	116	138	94	20	7	0
FL622_09640	11	12	14	4	1	0
FL622_09645	8	4	5	0	1	0
FL622_09650	1	1	5	1	0	0
FL622_09655	3	4	3	0	0	0
FL622_09660	5	8	9	3	0	0
FL622_09665	1	7	3	1	0	0
FL622_09670	3	3	2	0	0	0
FL622_09675	10	15	13	0	0	0
FL622_09685	20	20	30	1	0	0
FL622_09690	4	10	9	0	0	0
FL622_09695	3	8	4	0	0	0
FL622_09700	5	4	2	0	0	0
FL622_09705	0	2	3	1	0	0
FL622_09710	37	68	85	0	0	0
FL622_09715	8	12	14	0	0	0
FL622_09720	1	3	5	0	0	0
FL622_09725	5	14	5	0	0	0
FL622_09730	0	4	2	3	1	0
FL622_09735	7	28	14	1	0	0
FL622_09740	0	3	0	0	0	0
FL622_09745	1	2	3	0	0	0
FL622_09750	2	4	2	0	0	0
FL622_09755	18	30	23	3	0	0
FL622_09760	2	7	5	2	3	0
FL622_09765	38	22	32	16	6	0
FL622_09770	24	42	41	7	5	2
FL622_09775	5	6	9	4	1	1
FL622_09780	2	3	2	4	0	0
FL622_09785	4	3	0	1	0	0
FL622_09790	6	6	7	11	1	0
FL622_09795	3	5	2	1	1	0
FL622_09800	5	2	3	1	1	0
FL622_09805	8	8	8	1	1	0
FL622_09810	10	18	15	2	0	0
FL622_09815	13	15	12	0	6	0
FL622_09820	1	2	0	0	0	0
FL622_09825	1	1	1	0	0	0
FL622_09830	5	0	5	0	0	0
FL622_09835	3	2	2	2	0	1
FL622_09840	6	3	3	1	0	0
FL622_09845	7	5	18	10	1	0
FL622_09850	2	3	4	3	1	0
FL622_09855	24	55	52	90	22	6
FL622_09860	3	1	1	12	3	0
FL622_09865	1	1	3	9	3	0
FL622_09870	3	1	1	1	1	0
FL622_09875	3	0	1	3	0	0
FL622_09880	2	1	0	1	0	0
FL622_09885	303	228	319	61	7	4
FL622_09890	7	15	15	3	0	0
FL622_09895	0	3	2	1	0	0
FL622_09900	8	14	14	1	0	0
FL622_09905	1	2	1	0	0	0
FL622_09910	1	4	2	0	0	0
FL622_09915	2	4	4	1	0	0
FL622_09920	2	3	2	1	0	0
FL622_09925	7	8	3	1	1	0
FL622_09930	10	17	21	8	3	1
FL622_09935	38	60	20	19	4	15
FL622_09940	0	5	4	0	0	0
FL622_09950	1	0	0	0	0	0
FL622_09955	1	1	1	0	0	0
FL622_09960	9	5	4	1	0	0
FL622_09965	50	10	16	17	3	0
FL622_09970	38	3	5	12	1	2
FL622_09975	17	2	3	9	1	1
FL622_09980	54	12	16	26	3	3
FL622_09985	55	60	57	2	0	0
FL622_09990	14	22	27	3	0	0
FL622_10000	3	3	5	3	4	1
FL622_10005	15	25	24	50	54	23
FL622_10010	21	15	9	27	30	18
FL622_10015	12	15	16	28	21	8
FL622_10020	4	9	4	2	1	0
FL622_10025	2	0	0	1	0	0
FL622_10030	6	7	4	1	0	1
FL622_10035	62	81	62	13	4	1
FL622_10040	30	32	39	10	0	1
FL622_10045	2	4	9	0	1	0
FL622_10050	6	9	10	0	0	0
FL622_10055	10	14	15	0	0	0
FL622_10060	4	10	5	0	0	0
FL622_10065	3	6	4	0	0	0
FL622_10070	8	5	8	0	0	0
FL622_10075	2	0	0	0	1	0
FL622_10080	2	2	3	0	0	0
FL622_10085	16	10	8	5	0	0
FL622_10090	38	30	24	10	3	1
FL622_10095	71	75	69	10	12	3
FL622_10100	18	31	32	3	2	0
FL622_10105	20	23	39	1	0	1
FL622_10110	10	6	9	2	1	2
FL622_10115	2920	2071	2720	79	22	22
FL622_10120	8	8	11	3	0	1
FL622_10125	15	25	9	12	7	2
FL622_10130	18	13	19	0	0	0
FL622_10135	52	57	50	5	1	0
FL622_10140	101	143	131	24	4	2
FL622_10145	108	144	80	14	14	3
FL622_10150	59	55	53	16	3	3
FL622_10155	124	140	85	14	14	8
FL622_10160	13	36	16	2	0	0
FL622_10165	192	320	250	7	1	0
FL622_10170	51	153	53	3	0	0
FL622_10175	85	135	93	1	1	0
FL622_10180	89	111	90	4	2	1
FL622_10190	52	62	48	2	0	0
FL622_10195	136	101	129	11	0	0
FL622_10200	181	316	234	18	7	4
FL622_10205	8	13	11	0	0	0
FL622_10210	17	26	22	5	1	1
FL622_10215	19	19	18	3	3	0
FL622_10220	36	46	49	2	0	0
FL622_10225	8	12	15	0	0	1
FL622_10230	109	131	126	47	25	9
FL622_10235	21	21	40	6	1	0
FL622_10240	9	6	13	1	2	0
FL622_10245	7	8	5	0	3	1
FL622_10250	6	10	9	0	0	0
FL622_10255	4	11	13	2	1	0
FL622_10260	3	6	7	2	0	0
FL622_10265	5	10	17	6	1	0
FL622_10270	6	12	22	6	1	0
FL622_10275	29	29	61	24	8	1
FL622_10280	7	7	18	0	0	0
FL622_10285	4	2	14	0	1	0
FL622_10290	4	4	6	3	0	0
FL622_10295	5	4	9	0	0	0
FL622_10300	6	11	13	1	0	0
FL622_10305	3	3	17	2	0	0
FL622_10310	13	21	11	5	3	0
FL622_10315	11	21	14	3	2	1
FL622_10320	5	9	8	4	0	0
FL622_10325	1	0	1	0	0	0
FL622_10330	2	6	7	0	0	0
FL622_10335	8	16	13	14	13	5
FL622_10340	18	26	17	19	11	3
FL622_10345	21	6	3	3	3	1
FL622_10350	3	5	2	2	0	0
FL622_10355	4	4	12	0	1	0
FL622_10360	6	10	18	2	0	0
FL622_10365	6	9	18	2	1	0
FL622_10370	27	44	26	14	6	2
FL622_10375	60	71	83	78	21	6
FL622_10380	2	2	2	1	0	0
FL622_10385	882	967	475	129	33	19
FL622_10390	572	619	359	96	36	31
FL622_10395	606	966	1012	207	62	24
FL622_10400	320	310	201	24	5	1
FL622_10405	205	261	129	13	10	2
FL622_10415	13	29	25	6	4	1
FL622_10420	3	8	9	2	1	0
FL622_10425	0	2	0	0	0	0
FL622_10430	3	8	7	0	0	0
FL622_10435	0	1	0	0	0	0
FL622_10440	2	8	4	0	1	0
FL622_10445	33	58	45	1	2	0
FL622_10450	1	4	3	8	2	0
FL622_10455	6	7	6	23	5	3
FL622_10460	19	23	28	0	1	0
FL622_10465	20	17	28	10	6	1
FL622_10470	20	10	9	0	0	0
FL622_10475	10	4	5	1	1	0
FL622_10480	7	5	6	0	0	1
FL622_10485	18	10	6	3	0	0
FL622_10490	13	14	6	0	1	0
FL622_10495	17	25	17	1	1	0
FL622_10500	9	10	8	0	0	0
FL622_10505	46	65	68	2	2	0
FL622_10510	13	22	19	1	0	0
FL622_10515	29	37	34	1	1	0
FL622_10520	23	26	17	2	1	1
FL622_10530	2	7	17	0	0	0
FL622_10535	20	23	11	0	0	0
FL622_10540	3	3	2	1	0	0
FL622_10545	7	2	5	0	1	1
FL622_10550	14	16	16	1	0	1
FL622_10555	5	6	6	0	0	0
FL622_10560	7	6	6	2	1	1
FL622_10565	7	11	6	3	0	0
FL622_10570	8	13	7	4	1	0
FL622_10575	8	20	23	1	0	1
FL622_10580	10	20	24	1	0	0
FL622_10585	123	91	79	98	31	9
FL622_10590	23	28	20	16	2	3
FL622_10595	2	7	3	2	0	0
FL622_10600	21	36	22	9	3	0
FL622_10605	41	64	42	8	5	0
FL622_10610	23	22	23	3	0	0
FL622_10615	11	14	11	2	1	0
FL622_10620	92	94	92	14	1	1
FL622_10625	40	55	28	9	3	4
FL622_10630	10	18	10	7	0	0
FL622_10635	1	3	4	1	2	2
FL622_10640	1	3	8	1	0	0
FL622_10645	11	15	6	2	0	1
FL622_10650	0	5	4	0	1	0
FL622_10655	41	18	36	7	1	0
FL622_10660	8	5	6	0	0	0
FL622_10665	14	9	4	0	0	0
FL622_10670	111	119	106	0	8	1
FL622_10675	84	155	95	0	5	1
FL622_10680	15	6	10	3	1	0
FL622_10685	2	7	2	1	1	0
FL622_10690	0	1	0	1	0	0
FL622_10695	12	7	16	0	0	0
FL622_10700	0	0	1	0	0	0
FL622_10705	153	135	148	32	26	4
FL622_10725	1	6	3	0	0	0
FL622_10735	7	6	4	10	5	0
FL622_10740	3	4	7	3	2	3
FL622_10745	11	7	11	9	7	1
FL622_10750	9	16	10	1	0	0
FL622_10755	11	5	5	6	2	3
FL622_10760	22	24	16	13	7	6
FL622_10765	1	8	2	2	0	4
FL622_10770	6	8	1	0	0	0
FL622_10775	2	7	2	1	0	0
FL622_10780	16	8	16	1	1	1
FL622_10785	9	20	10	0	1	0
FL622_10790	0	1	0	0	0	0
FL622_10795	5	11	2	5	2	1
FL622_10805	44	26	15	68	38	31
FL622_10810	7	3	5	14	3	1
FL622_10815	40	21	23	120	29	22
FL622_10820	0	2	0	0	0	0
FL622_10825	0	1	0	0	0	0
FL622_10830	0	0	0	1	0	0
FL622_10835	5	3	9	10	1	0
FL622_10840	17	29	21	3	7	3
FL622_10850	0	3	1	5	0	0
FL622_10855	0	1	0	2	0	0
FL622_10860	1	4	3	7	3	1
FL622_10870	2	8	5	33	19	7
FL622_10875	0	1	2	0	0	0
FL622_10880	10	5	7	2	2	1
FL622_10885	36	40	35	25	10	8
FL622_10890	53	57	47	12	7	3
FL622_10895	2	3	0	1	1	0
FL622_10900	3	7	7	0	0	0
FL622_10905	1	0	3	6	1	1
FL622_10910	1	2	1	4	2	0
FL622_10915	2	0	2	2	0	1
FL622_10920	1	1	0	0	0	0
FL622_10925	37	58	37	18	9	4
FL622_10930	18	29	18	3	0	0
FL622_10935	131	162	119	6	30	3
FL622_10940	4	9	3	0	0	0
FL622_10945	12	5	2	0	0	0
FL622_10950	56	46	46	14	4	1
FL622_10955	14	12	14	3	4	1
FL622_10960	3	3	7	1	2	0
FL622_10965	117	30	30	75	18	12
FL622_10970	160	60	49	147	20	24
FL622_10975	2	1	3	0	0	0
FL622_10990	34	43	35	7	1	0
FL622_10995	28	30	21	0	0	0
FL622_11000	38	30	22	6	7	0
FL622_11005	126	123	129	25	10	3
FL622_11010	9	19	21	1	1	1
FL622_11015	9	7	14	1	1	1
FL622_11020	16	18	12	1	0	0
FL622_11025	26	50	38	1	0	1
FL622_11030	16	19	26	2	1	0
FL622_11035	9	13	13	0	1	0
FL622_11040	9	8	6	1	1	0
FL622_11045	11	5	12	1	0	0
FL622_11050	14	6	8	8	2	0
FL622_11055	24	19	9	12	1	3
FL622_11060	10	13	18	0	2	0
FL622_11065	3	2	0	8	3	0
FL622_11070	0	0	1	10	0	0
FL622_11075	7	1	0	0	1	0
FL622_11080	1	1	0	0	0	0
FL622_11085	0	0	1	0	0	0
FL622_11090	0	0	0	1	0	1
FL622_11095	26	47	46	0	0	0
FL622_11100	7	3	3	3	1	0
FL622_11105	3	6	2	3	3	0
FL622_11110	2	7	5	6	3	1
FL622_11115	2	3	1	1	1	0
FL622_11120	8	6	3	4	2	0
FL622_11125	9	24	101	3	0	0
FL622_11130	0	2	34	0	0	0
FL622_11135	0	2	7	0	0	0
FL622_11140	1	4	12	0	0	0
FL622_11145	1	7	27	0	0	1
FL622_11150	1	5	13	0	0	0
FL622_11155	2	4	14	0	0	0
FL622_11160	42	23	27	1	1	0
FL622_11165	48	22	37	3	1	0
FL622_11170	104	134	111	6	3	0
FL622_11175	174	349	312	9	1	0
FL622_11180	3	4	6	2	0	0
FL622_11185	146	201	184	19	5	4
FL622_11190	51	54	75	14	8	3
FL622_11195	14	26	19	4	2	0
FL622_11200	110	54	33	14	0	2
FL622_11205	107	51	60	39	10	0
FL622_11210	9	13	5	0	0	0
FL622_11215	15	19	23	5	1	0
FL622_11220	47	95	89	23	8	2
FL622_11225	23	26	14	11	3	3
FL622_11230	7	9	3	2	1	0
FL622_11235	14	18	9	6	0	0
FL622_11240	13	13	6	4	2	1
FL622_11245	0	1	0	1	0	0
FL622_11250	1	6	3	1	0	0
FL622_11255	2	4	2	2	0	0
FL622_11260	4	3	1	0	0	0
FL622_11265	2	0	0	0	0	0
FL622_11270	0	0	0	0	0	0
FL622_11275	1	2	2	1	0	0
FL622_11280	1	1	4	0	0	0
FL622_11285	40	46	30	10	3	0
FL622_11290	4	7	10	0	0	0
FL622_11295	3	5	1	0	0	0
FL622_11300	9	21	11	4	0	2
FL622_11305	0	1	1	0	0	0
FL622_11310	5	4	3	0	0	0
FL622_11330	19	35	39	2	0	0
FL622_11335	9	4	5	3	0	1
FL622_11340	5	2	5	1	0	0
FL622_11345	0	2	0	1	0	0
FL622_11350	9	7	4	7	0	0
FL622_11355	4	4	5	1	0	0
FL622_11360	1	3	1	1	0	0
FL622_11365	41	91	77	0	0	0
FL622_11370	7	13	16	0	0	0
FL622_11375	10	17	20	4	1	1
FL622_11380	9	11	11	6	1	0
FL622_11385	9	11	7	1	1	0
FL622_11390	4	0	4	0	0	0
FL622_11395	2	1	1	0	0	0
FL622_11400	4	7	19	0	0	0
FL622_11405	2	7	7	0	0	0
FL622_11410	4	3	13	0	0	0
FL622_11415	2	4	12	0	1	0
FL622_11420	3	5	7	0	0	0
FL622_11425	16	16	44	2	1	0
FL622_11430	3	8	16	3	0	0
FL622_11435	7	7	2	1	0	0
FL622_11440	3	10	7	0	0	0
FL622_11445	4	9	5	1	0	0
FL622_11450	6	15	20	1	1	0
FL622_11455	15	29	33	0	0	0
FL622_11460	1	1	1	0	0	0
FL622_11465	20	10	10	45	11	5
FL622_11470	7	10	11	5	3	1
FL622_11475	31	10	9	4	1	0
FL622_11480	226	111	102	21	5	1
FL622_11485	3	1	1	0	1	0
FL622_11490	17	16	9	10	2	2
FL622_11500	0	6	4	0	0	0
FL622_11505	7	12	10	0	0	0
FL622_11510	26	28	16	4	0	1
FL622_11515	2	5	2	0	0	0
FL622_11520	5	2	1	1	0	0
FL622_11525	2	3	2	2	0	0
FL622_11530	2	3	6	3	0	0
FL622_11535	3	3	13	1	1	0
FL622_11540	5	8	5	2	4	0
FL622_11545	8	17	8	2	7	1
FL622_11550	8	14	12	5	1	1
FL622_11555	15	17	22	1	1	1
FL622_11560	27	34	21	5	3	0
FL622_11565	5	5	6	5	1	0
FL622_11570	2	3	2	0	0	0
FL622_11575	26	51	45	1	3	2
FL622_11580	1	1	1	0	0	0
FL622_11585	5	4	1	1	1	0
FL622_11595	19	19	15	2	1	0
FL622_11600	23	21	18	2	1	0
FL622_11605	27	22	14	2	0	0
FL622_11610	13	9	10	2	1	0
FL622_11615	24	31	21	1	0	0
FL622_11620	1	0	0	0	0	0
FL622_11625	12	8	11	1	0	0
FL622_11630	18	28	32	8	3	1
FL622_11635	4	16	10	0	2	0
FL622_11640	29	39	30	9	4	0
FL622_11645	58	40	34	25	11	9
FL622_11650	10	9	13	4	1	1
FL622_11655	6	7	3	0	1	1
FL622_11660	25	26	24	5	0	1
FL622_11665	6	1	3	1	0	0
FL622_11670	856	915	992	211	88	32
FL622_11675	95	90	89	112	38	21
FL622_11680	73	47	50	73	19	4
FL622_11685	11	17	12	3	1	1
FL622_11690	22	17	17	2	2	1
FL622_11695	57	69	64	6	2	0
FL622_11700	4	3	5	1	0	0
FL622_11705	4	8	5	0	1	0
FL622_11710	19	14	12	4	1	0
FL622_11715	14	13	18	0	0	0
FL622_11720	3	1	5	0	1	1
FL622_11725	5	2	3	0	1	0
FL622_11730	2	0	0	0	0	0
FL622_11735	3	2	0	0	0	0
FL622_11740	2	1	6	1	0	0
FL622_11745	3	7	2	4	1	0
FL622_11750	2	1	1	1	0	0
FL622_11755	1	1	0	3	0	0
FL622_11760	0	1	1	1	0	0
FL622_11765	2	0	0	1	1	0
FL622_11770	1	0	1	1	0	0
FL622_11775	4	1	1	3	1	0
FL622_11780	3	4	1	5	0	0
FL622_11785	15	6	5	17	7	7
FL622_11790	26	12	4	47	12	4
FL622_11795	24	26	18	4	1	1
FL622_11800	1	0	3	0	0	0
FL622_11805	32	47	55	10	3	1
FL622_11810	86	178	130	17	8	1
FL622_11815	82	125	96	17	7	5
FL622_11820	115	166	114	14	9	7
FL622_11825	724	1142	843	112	50	29
FL622_11830	149	204	185	26	10	7
FL622_11840	58	75	68	14	2	1
FL622_11855	4	2	2	0	0	0
FL622_11860	1	1	0	0	0	0
FL622_11865	68	97	79	2	0	0
FL622_11870	65	103	84	12	3	0
FL622_11875	42	48	38	3	0	0
FL622_11880	5	8	5	0	0	0
FL622_11885	1	8	8	1	0	0
FL622_11890	12	12	11	1	1	0
FL622_11895	7	12	5	2	0	0
FL622_11900	7	4	6	12	1	3
FL622_11905	5	3	4	9	0	0
FL622_11910	4	2	2	3	0	0
FL622_11915	3	1	0	0	0	0
FL622_11920	7	9	4	6	1	0
FL622_11925	7	5	3	15	2	0
FL622_11930	18	16	12	35	23	1
FL622_11935	26	45	38	7	7	3
FL622_11940	3	4	2	3	1	0
FL622_11945	25	50	20	53	67	23
FL622_11950	32	67	41	22	20	9
FL622_11955	107	80	58	0	0	0
FL622_11960	718	350	479	230	62	29
FL622_11965	46	60	45	1	1	1
FL622_11970	30	61	89	8	3	1
FL622_11975	6	8	11	2	1	0
FL622_11980	13	13	14	6	3	1
FL622_11985	35	26	90	7	4	2
FL622_11990	6	11	11	1	0	0
FL622_11995	24	29	28	19	9	2
FL622_12050	35	56	52	32	15	4
FL622_12055	5	19	11	14	12	2
FL622_12060	18	21	29	24	6	0
FL622_12065	18	13	16	6	3	0
FL622_12070	34	38	36	30	11	3
FL622_12075	43	39	26	18	15	5
FL622_12080	3	2	1	0	0	0
FL622_12085	1	2	3	1	0	0
FL622_12090	16	32	25	2	1	0
FL622_12095	1	3	4	0	0	0
FL622_12100	4	4	8	0	0	0
FL622_12105	7	13	13	2	0	0
FL622_12110	17	22	14	4	1	0
FL622_12115	0	5	5	0	0	0
FL622_12120	1	2	1	0	0	0
FL622_12125	8	7	2	1	0	0
FL622_12130	2	7	6	1	2	0
FL622_12135	4	3	5	3	2	1
FL622_12140	14	12	12	0	0	0
FL622_12145	4	10	5	1	0	0
FL622_12150	4	8	10	0	0	0
FL622_12155	6	4	7	0	0	0
FL622_12160	3	11	5	1	0	0
FL622_12165	4	7	10	3	0	0
FL622_12170	5	3	1	0	0	0
FL622_12175	2	3	3	2	0	0
FL622_12180	12	26	24	12	10	1
FL622_12185	10	8	14	0	0	0
FL622_12190	48	28	36	8	3	0
FL622_12195	37	58	50	4	2	0
FL622_12200	17	24	24	5	1	0
FL622_12205	10	29	23	2	1	0
FL622_12210	41	58	62	6	4	0
FL622_12220	30	21	18	11	4	0
FL622_12225	10	9	26	3	3	0
FL622_12230	4	8	8	3	2	1
FL622_12235	91	105	104	12	8	6
FL622_12240	2	3	0	0	0	0
FL622_12245	9	13	7	4	0	0
FL622_12250	2	2	7	0	0	0
FL622_12255	6	4	5	0	0	0
FL622_12260	4	16	13	1	2	0
FL622_12265	36	70	51	6	0	2
FL622_12270	19	31	16	17	6	2
FL622_12275	20	18	12	2	0	0
FL622_12280	1	5	11	1	0	0
FL622_12285	11	15	17	4	0	0
FL622_12290	3	3	1	1	0	0
FL622_12295	13	19	28	0	0	0
FL622_12300	14	26	29	1	0	0
FL622_12305	5	3	5	0	0	0
FL622_12310	7	15	11	0	0	0
FL622_12315	7	9	9	0	0	0
FL622_12320	0	1	5	0	0	0
FL622_12325	8	11	6	1	1	0
FL622_12330	8	7	13	27	14	4
FL622_12335	24	12	19	12	4	0
FL622_12340	10	16	21	6	2	0
FL622_12345	48	55	30	3	0	0
FL622_12350	2	2	1	0	0	0
FL622_12355	12	10	10	4	0	1
FL622_12360	11	13	10	7	0	0
FL622_12365	2	7	9	0	2	0
FL622_12370	5	6	4	0	0	0
FL622_12375	18	25	39	35	13	2
FL622_12380	5	6	8	7	2	2
FL622_12385	2	3	4	4	1	0
FL622_12390	1	2	1	15	2	1
FL622_12395	2	6	1	1	0	0
FL622_12400	1	0	3	0	0	0
FL622_12405	0	4	5	0	1	0
FL622_12410	1	0	1	1	0	1
FL622_12415	2	2	2	0	0	0
FL622_12420	18	44	30	4	1	0
FL622_12425	10	13	12	22	9	4
FL622_12430	3	7	8	11	5	2
FL622_12435	32	22	13	53	17	10
FL622_12440	26	12	16	18	8	3
FL622_12445	2	4	3	1	0	0
FL622_12450	6	4	6	3	0	0
FL622_12455	2	5	0	0	1	0
FL622_12460	7	6	4	1	0	0
FL622_12465	3	4	1	0	0	0
FL622_12470	12	6	7	14	2	2
FL622_12475	44	17	12	20	12	7
FL622_12480	9	9	2	4	0	1
FL622_12485	12	3	5	3	1	0
FL622_12490	3	3	4	8	2	0
FL622_12495	4	0	6	6	1	0
FL622_12500	6	4	0	7	1	0
FL622_12505	1	1	0	0	0	0
FL622_12510	2	7	3	1	0	0
FL622_12515	9	3	5	1	1	0
FL622_12520	12	3	5	1	0	1
FL622_12525	17	6	17	6	2	0
FL622_12530	11	13	11	3	0	0
FL622_12540	13	14	16	4	1	0
FL622_12545	3	3	0	0	0	0
FL622_12550	3	10	9	3	0	0
FL622_12555	8	14	18	2	5	0
FL622_12560	24	34	20	7	7	0
FL622_12565	21	24	14	8	3	0
FL622_12570	20	19	12	4	1	1
FL622_12575	11	18	21	1	0	1
FL622_12580	27	30	28	5	3	3
FL622_12585	6	8	6	2	0	0
FL622_12590	1	0	0	0	1	0
FL622_12595	3	5	4	0	0	0
FL622_12600	4	2	5	0	1	0
FL622_12605	4	9	3	0	1	0
FL622_12610	54	56	57	54	32	9
FL622_12615	57	14	23	17	5	0
FL622_12620	6	9	2	0	0	0
FL622_12625	4	1	0	0	0	0
FL622_12630	3	0	1	0	0	0
FL622_12635	29	1	2	0	0	0
FL622_12640	1	0	0	0	0	0
FL622_12645	37	10	5	0	0	0
FL622_12650	6	5	2	4	4	1
FL622_12655	11	11	8	7	2	1
FL622_12660	6	10	12	17	4	1
FL622_12665	5	6	9	14	6	0
FL622_12670	33	28	18	77	28	9
FL622_12675	12	16	13	12	3	1
FL622_12680	1	0	3	1	0	0
FL622_12685	1	3	3	1	0	0
FL622_12690	9	1	4	24	3	1
FL622_12695	3	0	3	6	0	0
FL622_12700	3	2	1	2	2	0
FL622_12705	2	0	3	2	3	0
FL622_12710	3	2	0	6	2	1
FL622_12715	3	5	1	6	0	1
FL622_12720	8	2	1	11	2	1
FL622_12725	9	2	5	6	1	0
FL622_12730	3	0	0	3	0	0
FL622_12735	74	155	140	26	9	4
FL622_12740	29	33	25	7	2	0
FL622_12745	152	199	141	9	2	0
FL622_12750	4	2	1	0	0	0
FL622_12760	1	5	6	0	0	0
FL622_12765	3	5	3	1	0	0
FL622_12770	30	51	38	1	0	0
FL622_12775	9	11	8	1	0	0
FL622_12780	12	17	14	1	2	0
FL622_12785	16	17	16	1	0	0
FL622_12790	13	16	10	0	0	0
FL622_12795	92	71	77	6	3	0
FL622_12800	294	327	268	4	12	7
FL622_12805	52	60	36	3	0	1
FL622_12810	13	16	22	2	0	0
FL622_12815	29	34	28	1	1	1
FL622_12820	20	22	19	1	0	0
FL622_12825	14	22	26	0	0	0
FL622_12830	11	18	15	2	1	0
FL622_12835	47	122	79	7	2	0
FL622_12840	7	11	18	0	0	0
FL622_12845	11	17	19	0	1	0
FL622_12850	8	20	23	0	0	0
FL622_12855	10	14	14	2	0	0
FL622_12860	5	6	3	0	0	0
FL622_12865	3	5	10	0	2	0
FL622_12870	7	11	7	0	1	0
FL622_12875	13	20	26	2	0	0
FL622_12880	49	15	13	20	2	1
FL622_12885	6	11	6	8	5	0
FL622_12890	12	19	14	13	13	7
FL622_12900	0	1	1	0	0	0
FL622_12905	30	21	24	14	7	0
FL622_12910	4	9	9	2	4	0
FL622_12915	28	17	16	5	8	10
FL622_12920	10	19	15	5	2	0
FL622_12925	0	2	1	1	1	0
FL622_12930	4	3	3	3	0	0
FL622_12945	5	9	3	11	3	6
FL622_12950	6	4	3	1	0	0
FL622_12955	17	22	31	19	24	8
FL622_12960	1	4	9	0	0	0
FL622_12965	1	2	1	0	0	0
FL622_12970	3	10	10	1	0	0
FL622_12975	2	11	3	1	1	0
FL622_12980	0	1	0	0	0	0
FL622_12985	5	2	3	0	0	0
FL622_12990	35	78	66	19	13	4
FL622_12995	16	23	26	0	1	1
FL622_13000	21	24	31	1	0	0
FL622_13005	6	16	11	2	0	0
FL622_13010	25	50	42	10	5	1
FL622_13015	6	19	14	1	4	0
FL622_13020	7	6	11	4	1	1
FL622_13025	1	2	0	0	1	0
FL622_13030	2	5	3	1	0	0
FL622_13035	40	38	35	7	1	5
FL622_13040	7	13	8	4	0	0
FL622_13045	26	28	37	14	4	2
FL622_13050	12	11	15	0	0	0
FL622_13055	11	10	13	1	1	0
FL622_13060	8	19	12	1	2	0
FL622_13065	19	25	21	5	0	0
FL622_13070	6	7	6	0	0	0
FL622_13075	37	57	57	4	0	0
FL622_13080	4	13	7	0	0	0
FL622_13085	3	8	9	1	0	0
FL622_13090	7	8	4	1	0	0
FL622_13095	4	10	10	0	1	0
FL622_13100	34	42	37	3	1	0
FL622_13105	14	27	22	0	2	0
FL622_13110	47	44	40	1	1	1
FL622_13115	59	84	60	8	4	0
FL622_13120	11	12	15	4	2	0
FL622_13125	20	28	30	12	6	4
FL622_13145	134	93	83	6	0	3
FL622_13150	74	153	121	9	5	0
FL622_13155	220	343	218	162	89	35
FL622_13160	65	75	53	2	2	1
FL622_13165	72	145	101	5	1	0
FL622_13190	23	15	15	29	8	1
FL622_13195	89	30	22	76	24	19
FL622_13200	29	8	3	17	11	4
FL622_13205	12	9	12	0	0	0
FL622_13210	11	8	13	0	0	0
FL622_13215	9	12	11	1	0	1
FL622_13220	31	23	14	2	1	0
FL622_13225	1	2	7	1	0	0
FL622_13230	16	26	12	2	2	0
FL622_13235	10	14	9	1	0	0
FL622_13240	16	15	17	1	2	1
FL622_13245	15	12	23	0	0	0
FL622_13250	9	10	11	4	0	1
FL622_13255	7	10	7	3	1	0
FL622_13260	23	20	13	6	2	2
FL622_13265	641	407	347	111	12	4
FL622_13270	509	531	492	27	5	5
FL622_13275	1248	1261	1298	46	16	11
FL622_13280	1034	853	809	41	16	15
FL622_13285	80	104	60	1	11	1
FL622_13290	66	51	30	0	9	0
FL622_13295	9	17	19	2	2	1
FL622_13300	19	38	17	1	2	0
FL622_13305	12	8	12	1	1	0
FL622_13310	36	64	36	11	17	7
FL622_13315	0	0	0	1	0	0
FL622_13320	65	145	109	27	10	2
FL622_13325	371	379	414	9	1	0
FL622_13330	17	19	22	20	5	4
FL622_13335	3	23	7	0	0	0
FL622_13340	5	4	8	0	0	0
FL622_13345	1	1	2	0	0	0
FL622_13350	29	43	33	26	6	1
FL622_13355	11	17	16	1	0	0
FL622_13360	37	55	51	1	1	0
FL622_13365	2	7	2	0	1	0
FL622_13370	1163	1138	1173	11	4	2
FL622_13375	791	625	797	9	0	0
FL622_13380	189	145	128	4	0	1
FL622_13385	547	641	673	19	6	2
FL622_13390	403	474	505	6	1	0
FL622_13395	390	438	412	15	4	0
FL622_13400	51	40	41	56	26	12
FL622_13405	56	57	53	14	4	4
FL622_13410	100	62	54	70	19	5
FL622_13415	8	9	23	3	4	0
FL622_13420	19	15	8	10	0	4
FL622_13425	11	7	8	4	1	0
FL622_13430	12	6	5	4	6	4
FL622_13435	0	0	2	2	2	1
FL622_13445	12	15	23	4	0	0
FL622_13450	18	32	50	20	4	2
FL622_13455	35	67	54	5	6	1
FL622_13460	0	1	1	0	0	0
FL622_13470	12	10	8	2	1	0
FL622_13475	10	15	10	4	1	0
FL622_13480	32	35	30	3	3	1
FL622_13485	35	27	18	1	8	1
FL622_13490	17	18	15	1	0	0
FL622_13495	5	3	4	1	0	0
FL622_13500	26	48	45	1	3	1
FL622_13505	15	16	9	4	2	0
FL622_13510	13	9	12	5	0	1
FL622_13515	3	0	5	1	0	0
FL622_13520	3	4	6	1	0	0
FL622_13525	13	16	22	4	0	1
FL622_13530	9	6	6	3	0	0
FL622_13540	86	17	22	43	4	1
FL622_13545	12	12	9	5	2	0
FL622_13550	31	32	24	27	23	1
FL622_13555	262	175	219	58	25	6
FL622_13560	88	40	59	11	1	6
FL622_13565	144	65	92	35	3	2
FL622_13570	45	18	40	7	1	0
FL622_13575	25	9	21	3	1	1
FL622_13580	15	3	5	0	1	0
FL622_13585	7	3	4	1	0	0
FL622_13590	3	4	4	0	0	0
FL622_13595	18	9	8	0	0	2
FL622_13600	24	14	10	2	0	2
FL622_13605	19	12	21	3	0	0
FL622_13610	2	0	1	0	0	0
FL622_13615	2	5	7	0	0	0
FL622_13620	6	4	1	0	0	0
FL622_13625	7	13	15	1	0	0
FL622_13630	72	85	98	16	5	0
FL622_13635	12	17	30	2	0	0
FL622_13640	23	26	21	5	6	1
FL622_13645	29	25	22	9	2	1
FL622_13650	1	2	1	6	2	0
FL622_13655	1	0	0	4	0	0
FL622_13660	0	0	0	0	0	0
FL622_13665	0	0	1	2	0	0
FL622_13670	2	0	0	0	0	0
FL622_13675	7	1	2	6	0	0
FL622_13680	3	2	2	2	0	0
FL622_13685	0	0	0	0	0	0
FL622_13690	58	95	84	6	5	0
FL622_13700	0	7	5	0	0	0
FL622_13705	4	5	5	0	1	0
FL622_13710	0	2	0	0	0	0
FL622_13715	2	3	1	0	1	0
FL622_13720	20	13	13	16	14	4
FL622_13725	7	8	5	11	9	6
FL622_13730	7	7	2	7	7	0
FL622_13740	11	13	16	31	15	7
FL622_13745	0	3	3	7	7	2
FL622_13750	4	10	5	3	2	0
FL622_13755	7	7	3	1	1	3
FL622_13760	4	6	5	5	6	0
FL622_13765	1	2	1	1	0	0
FL622_13770	4	7	5	3	6	0
FL622_13775	1	5	3	2	3	0
FL622_13780	23	25	13	4	0	1
FL622_13785	14	18	12	2	1	2
FL622_13790	3	0	1	2	11	3
FL622_13795	1	0	1	2	11	4
FL622_13800	3	0	0	5	32	3
FL622_13805	95	131	117	2	5	1
FL622_13810	52	16	26	0	0	0
FL622_13815	3	6	3	0	0	0
FL622_13820	34	36	38	6	1	1
FL622_13825	5	6	9	2	0	0
FL622_13830	8	12	9	5	1	0
FL622_13835	15	23	30	2	1	0
FL622_13840	275	343	250	24	7	2
FL622_13845	23	30	41	1	0	0
FL622_13850	5	6	10	3	0	0
FL622_13855	13	24	11	1	2	0
FL622_13860	5	7	6	6	1	0
FL622_13865	22	14	11	5	4	3
FL622_13870	28	36	32	21	9	1
FL622_13875	16	25	23	4	2	0
FL622_13880	16	13	19	17	4	4
FL622_13885	86	72	69	33	14	10
FL622_13890	27	33	36	27	4	1
FL622_13895	1	0	2	3	1	0
FL622_13900	2	1	1	39	22	3
FL622_13905	1	0	1	112	49	4
FL622_13910	1	1	3	3	5	2
FL622_13915	9	0	0	504	286	192
FL622_13920	14	5	3	1268	485	126
FL622_13925	3	3	3	20	14	6
FL622_13930	1	0	3	0	1	0
FL622_13935	0	2	1	0	0	0
FL622_13940	8	8	6	1	0	0
FL622_13945	1	0	0	0	0	0
FL622_13950	3	3	2	0	1	0
FL622_13955	1	4	3	0	1	0
FL622_13960	28	16	15	34	15	3
FL622_13965	0	0	1	0	0	0
FL622_13970	4	11	10	0	0	0
FL622_13975	6	9	5	0	0	0
FL622_13980	2	7	2	1	0	0
FL622_13985	5	1	3	1	0	0
FL622_13990	2	3	0	2	0	0
FL622_13995	10	18	10	1	1	0
FL622_14000	11	20	10	4	3	2
FL622_14010	120	160	95	17	8	7
FL622_14015	1	1	2	1	1	0
FL622_14020	1	1	1	1	1	0
FL622_14025	6	1	0	0	0	0
FL622_14030	1	0	0	0	0	0
FL622_14035	9	17	7	0	1	1
FL622_14040	7	14	4	0	5	1
FL622_14045	22	20	27	1	5	0
FL622_14050	14	9	8	1	0	0
FL622_14055	22	24	13	3	3	4
FL622_14070	1	1	4	5	2	0
FL622_14075	4	2	8	7	4	1
FL622_14080	2	1	1	6	1	1
FL622_14085	11	6	9	9	6	1
FL622_14090	4	3	1	0	3	1
FL622_14095	13	13	10	19	14	4
FL622_14100	5	5	0	10	8	1
FL622_14105	13	8	9	50	44	12
FL622_14110	25	15	12	35	78	53
FL622_14115	9	9	9	41	54	19
FL622_14120	3	1	3	1	0	0
FL622_14125	2	3	2	1	2	0
FL622_14135	1	1	5	1	0	0
FL622_14140	4	3	3	2	0	0
FL622_14145	6	2	3	3	1	1
FL622_14150	1	2	2	0	0	0
FL622_14155	1	0	0	0	0	0
FL622_14160	1	1	2	0	0	0
FL622_14165	1	1	0	0	0	0
FL622_14170	1	0	2	2	5	1
FL622_14175	2	4	0	2	5	1
FL622_14180	2	1	4	0	0	0
FL622_14185	0	0	0	0	0	0
FL622_14190	0	0	1	0	0	0
FL622_14195	54	54	29	23	21	18
FL622_14200	2	0	4	0	0	0
FL622_14205	8	2	4	0	3	1
FL622_14215	4	7	6	1	3	0
FL622_14220	10	30	39	7	15	2
FL622_14225	38	45	37	12	7	5
FL622_14230	41	67	66	22	11	4
FL622_14235	48	20	27	20	3	2
FL622_14240	155	124	115	84	85	35
FL622_14245	41	45	27	22	9	2
FL622_14250	17	12	8	25	9	3
FL622_14255	10	13	11	0	0	0
FL622_14260	8	26	18	2	0	0
FL622_14265	4	5	7	0	0	0
FL622_14270	14	14	22	9	1	0
FL622_14275	50	91	99	10	5	2
FL622_14280	39	120	67	8	5	1
FL622_14285	13	15	19	0	1	1
FL622_14290	125	213	109	53	117	77
FL622_14295	205	283	181	7	3	1
FL622_14300	395	651	376	20	12	4
FL622_14305	235	354	251	14	4	5
FL622_14310	114	187	119	6	1	1
FL622_14315	231	300	217	11	6	6
FL622_14320	129	130	66	5	3	4
FL622_14325	199	392	273	30	6	1
FL622_14330	153	222	167	21	6	3
FL622_14335	403	547	329	35	12	15
FL622_14340	103	161	112	13	3	1
FL622_14345	82	106	85	7	1	0
FL622_14350	85	132	127	13	1	0
FL622_14355	92	136	106	9	1	0
FL622_14360	127	224	126	8	3	0
FL622_14365	113	154	105	11	0	2
FL622_14375	254	368	271	15	9	5
FL622_14380	146	219	186	7	1	2
FL622_14385	67	88	81	4	1	0
FL622_14390	142	207	146	8	2	0
FL622_14395	148	203	120	7	6	2
FL622_14400	136	181	137	9	1	1
FL622_14405	179	256	157	9	2	1
FL622_14410	127	192	187	12	1	1
FL622_14415	79	106	66	7	0	0
FL622_14420	201	265	224	12	4	2
FL622_14425	104	174	98	5	1	1
FL622_14430	253	380	216	25	8	6
FL622_14435	119	214	123	11	3	0
FL622_14440	93	146	79	11	0	1
FL622_14445	316	464	409	27	4	4
FL622_14450	430	749	519	40	20	4
FL622_14455	203	267	140	10	4	5
FL622_14460	90	130	87	8	2	0
FL622_14465	224	463	383	14	4	0
FL622_14470	268	550	385	7	2	1
FL622_14475	109	149	110	3	2	1
FL622_14480	83	150	138	2	1	0
FL622_14485	152	266	202	3	0	0
FL622_14490	153	247	135	3	0	3
FL622_14495	156	207	131	9	2	1
FL622_14500	70	89	55	6	0	2
FL622_14510	52	125	40	1	0	1
FL622_14515	6	5	6	0	0	0
FL622_14540	6	7	1	0	0	0
FL622_14545	9	18	14	0	0	0
FL622_14550	9	18	7	1	0	0
FL622_14555	5	15	14	0	0	0
FL622_14560	5	7	9	0	1	0
FL622_14565	7	12	6	2	1	1
FL622_14570	33	19	26	52	28	9
FL622_14575	5	11	19	4	0	0
FL622_14580	4	4	1	0	1	0
FL622_14585	5	10	2	0	0	1
FL622_14590	54	64	54	22	22	1
FL622_14595	6	17	11	2	1	0
FL622_14600	4	0	2	1	0	0
FL622_14605	13	7	9	0	1	0
FL622_14610	16	23	21	0	0	0
FL622_14615	3	1	3	0	0	0
FL622_14620	17	14	10	15	2	2
FL622_14625	8	10	6	3	0	0
FL622_14630	19	31	30	8	6	1
FL622_14635	27	25	16	9	7	1
FL622_14640	35	50	26	23	12	2
FL622_14645	5	8	6	18	25	7
FL622_14650	6	6	1	8	13	5
FL622_14655	21	33	14	28	27	6
FL622_14660	2	1	2	2	1	1
FL622_14665	11	5	7	6	1	0
FL622_14670	5	4	3	13	4	0
FL622_14675	9	6	8	14	5	2
FL622_14685	18	25	40	49	17	2
FL622_14690	11	8	4	1	0	0
FL622_14695	111	101	103	7	3	0
FL622_14700	29	52	55	1	0	1
FL622_14705	16	21	34	5	0	0
FL622_14710	13	12	16	0	0	0
FL622_14715	4	3	8	2	0	0
FL622_14720	19	36	14	0	0	0
FL622_14725	12	10	10	1	0	0
FL622_14730	22	18	31	3	1	0
FL622_14735	19	26	24	1	1	0
FL622_14740	48	55	59	8	2	0
FL622_14745	13	12	22	1	0	0
FL622_14750	25	30	42	2	2	1
FL622_14755	75	105	111	32	14	3
FL622_14760	10	11	10	7	1	3
FL622_14765	8	15	19	4	0	2
FL622_14770	54	63	83	27	9	5
FL622_14775	26	29	29	1	1	0
FL622_14780	11	13	16	0	0	0
FL622_14785	4	9	8	7	3	1
FL622_14790	14	3	12	7	4	0
FL622_14795	12	8	2	5	0	0
FL622_14800	12	19	17	5	1	1
FL622_14805	1	2	0	0	0	0
FL622_14810	1	5	1	1	0	0
FL622_14815	159	84	121	10	6	2
FL622_14820	119	177	142	6	0	2
FL622_14825	5	4	6	0	0	0
FL622_14830	37	57	40	6	1	0
FL622_14835	19	41	54	1	0	0
FL622_14840	64	69	51	7	1	0
FL622_14845	94	159	116	7	3	2
FL622_14850	2	0	1	0	0	0
FL622_14855	106	145	175	54	12	2
FL622_14860	11	12	11	4	0	0
FL622_14865	5	3	1	0	0	0
FL622_14870	23	28	29	3	2	0
FL622_14875	149	286	195	19	16	0
FL622_14880	55	125	121	6	13	0
FL622_14885	99	130	109	11	7	0
FL622_14890	84	132	133	9	3	0
FL622_14895	14	27	29	2	3	0
FL622_14900	52	72	84	6	0	0
FL622_14905	40	60	68	5	5	0
FL622_14910	16	22	19	2	1	0
FL622_14915	17	12	12	7	3	0
FL622_14920	1	4	7	4	0	0
FL622_14925	12	11	17	1	0	1
FL622_14930	18	25	28	6	3	1
FL622_14935	6	14	9	5	2	0
FL622_14940	5	6	10	0	0	0
FL622_14945	17	33	21	6	2	1
FL622_14950	3	7	4	1	0	0
FL622_14955	2	10	7	0	1	0
FL622_14965	23	33	34	2	0	0
FL622_14970	4	8	2	2	0	0
FL622_14975	8	17	7	1	0	1
FL622_14980	15	15	14	10	8	1
FL622_14985	4	6	6	0	0	0
FL622_14990	4	4	4	2	1	0
FL622_14995	14	14	27	2	1	0
FL622_15000	13	19	29	5	5	0
FL622_15005	0	3	3	0	0	0
FL622_15010	2	1	3	0	0	0
FL622_15015	3	1	1	0	0	0
FL622_15020	0	5	1	0	0	0
FL622_15025	17	35	28	4	2	5
FL622_15035	11	11	13	1	1	0
FL622_15040	2	2	2	0	2	0
FL622_15045	2	4	4	69	39	13
FL622_15050	8	6	5	8	13	3
FL622_15055	13	17	10	7	2	1
FL622_15060	0	0	0	0	0	0
FL622_15065	11	10	16	1	0	0
FL622_15070	6	6	12	0	0	1
FL622_15075	5	6	4	4	5	0
FL622_15080	2	3	0	2	1	0
FL622_15085	1	1	5	0	0	0
FL622_15090	0	2	0	0	0	0
FL622_15095	2	1	2	0	0	0
FL622_15100	0	0	1	0	0	0
FL622_15105	1	4	3	1	0	0
FL622_15110	3	0	1	0	0	0
FL622_15115	3	3	0	0	0	0
FL622_15120	4	5	2	1	0	0
FL622_15125	4	2	5	1	0	0
FL622_15130	7	3	3	4	2	0
FL622_15135	0	7	2	1	0	0
FL622_15140	4	3	2	3	0	0
FL622_15145	9	10	6	1	0	0
FL622_15150	2	3	3	0	0	0
FL622_15155	2	3	3	0	1	0
FL622_15160	8	7	5	0	0	0
FL622_15165	2	1	2	0	1	0
FL622_15170	5	10	6	3	0	0
FL622_15175	13	3	5	5	0	0
FL622_15180	22	11	12	7	2	0
FL622_15185	10	9	10	2	0	1
FL622_15190	50	41	45	21	9	1
FL622_15195	97	60	78	11	7	0
FL622_15200	0	1	0	0	0	0
FL622_15205	47	73	56	8	4	1
FL622_15210	36	43	41	12	1	2
FL622_15215	6	8	5	0	0	0
FL622_15220	22	22	27	0	2	0
FL622_15225	17	28	22	1	0	0
FL622_15230	35	42	22	5	1	0
FL622_15235	6	9	10	0	0	0
FL622_15240	29	33	35	2	4	0
FL622_15245	21	37	23	3	2	0
FL622_15250	10	16	17	1	0	0
FL622_15255	59	67	104	6	0	0
FL622_15260	13	17	10	2	0	0
FL622_15265	10	23	16	2	0	0
FL622_15270	13	29	15	1	0	0
FL622_15275	8	11	14	0	0	0
FL622_15280	43	39	37	14	3	8
FL622_15285	6	11	8	4	1	0
FL622_15290	6	4	3	2	0	1
FL622_15295	46	53	56	15	3	0
FL622_15300	5	4	2	2	0	0
FL622_15305	1	2	2	0	0	0
FL622_15310	0	2	2	0	0	0
FL622_15315	15	33	18	5	3	1
FL622_15320	12	10	9	3	1	1
FL622_15325	8	6	8	1	1	0
FL622_15330	51	95	43	76	127	64
FL622_15335	29	43	36	61	102	24
FL622_15340	28	47	30	48	72	24
FL622_15350	109	38	49	27	4	3
FL622_15355	13	16	10	5	3	0
FL622_15360	19	21	15	14	11	0
FL622_15365	0	2	1	0	1	0
FL622_15370	1	1	2	0	1	0
FL622_15375	3	3	8	0	0	0
FL622_15380	4	2	6	2	1	1
FL622_15385	2	4	2	3	1	0
FL622_15390	1	1	4	4	1	1
FL622_15395	6	4	2	2	0	0
FL622_15400	14	14	21	1	0	0
FL622_15405	40	28	27	12	2	1
FL622_15410	4	2	3	1	0	0
FL622_15415	1	4	7	1	0	0
FL622_15420	3	2	6	0	0	0
FL622_15425	1	2	1	0	0	0
FL622_15430	1	3	2	1	0	0
FL622_15435	5	6	10	5	1	0
FL622_15440	17	14	11	5	1	1
FL622_15445	0	9	4	1	0	0
FL622_15450	45	34	53	3	1	1
FL622_15455	15	37	29	4	5	0
FL622_15460	5	4	4	1	0	0
FL622_15465	77	122	82	19	7	0
FL622_15470	6	11	11	5	4	0
FL622_15475	7	7	5	1	1	0
FL622_15480	9	24	32	8	1	1
FL622_15485	0	3	3	0	0	0
FL622_15490	2	2	0	1	0	0
FL622_15495	5	3	5	0	0	0
FL622_15500	3	4	2	0	0	0
FL622_15505	6	11	10	0	0	0
FL622_15510	5	8	6	0	0	1
FL622_15515	7	2	3	6	1	0
FL622_15520	5	3	1	13	1	2
FL622_15530	172	184	180	112	37	9
FL622_15535	39	60	49	9	2	0
FL622_15540	94	117	88	7	4	1
FL622_15545	1	0	3	1	0	0
FL622_15550	20	29	36	8	2	0
FL622_15555	126	124	129	90	60	23
FL622_15560	27	29	20	26	9	4
FL622_15565	4	5	3	1	0	0
FL622_15570	8	10	16	2	0	1
FL622_15575	13	15	10	3	2	0
FL622_15580	13	12	11	4	5	1
FL622_15585	21	24	20	5	1	1
FL622_15590	6	19	23	1	0	0
FL622_15595	38	49	59	2	1	0
FL622_15600	14	16	17	0	0	0
FL622_15605	10	29	23	0	0	0
FL622_15610	40	38	29	8	3	2
FL622_15615	13	29	19	5	2	1
FL622_15620	9	10	5	0	0	0
FL622_15635	3	1	3	0	0	0
FL622_15640	3	4	1	1	1	0
FL622_15645	0	0	0	1	0	0
FL622_15650	1	0	1	1	0	0
FL622_15655	6	5	10	0	2	0
FL622_15660	4	3	4	0	1	0
FL622_15665	6	5	5	3	0	0
FL622_15670	2	3	1	1	0	0
FL622_15675	69	57	52	19	10	3
FL622_15680	6	8	12	0	0	0
FL622_15685	7	3	2	0	0	0
FL622_15695	3	0	5	0	0	0
FL622_15700	2	6	5	0	0	0
FL622_15705	3	3	0	0	0	0
FL622_15710	0	3	3	0	0	0
FL622_15715	3	4	0	0	0	0
FL622_15720	11	10	5	1	2	0
FL622_15725	36	29	35	29	10	1
FL622_15730	3	0	6	0	0	0
FL622_15735	2	1	1	0	0	0
FL622_15740	1	0	0	0	0	0
FL622_15745	4	10	12	6	1	0
FL622_15750	18	28	27	10	1	1
FL622_15755	32	23	21	13	3	2
FL622_15760	1	2	2	3	1	0
FL622_15765	0	0	0	0	1	0
FL622_15770	0	2	1	0	0	0
FL622_15775	0	0	0	1	0	0
FL622_15780	0	1	0	0	0	0
FL622_15785	12	31	19	0	0	0
FL622_15790	0	3	2	0	0	0
FL622_15795	3	0	1	0	0	0
FL622_15800	4	1	0	0	2	0
FL622_15805	4	2	3	0	1	0
FL622_15810	69	63	83	3	0	0
FL622_15815	26	24	27	4	3	0
FL622_15820	7	7	6	1	0	0
FL622_15825	11	19	14	3	2	0
FL622_15830	3	6	7	0	0	0
FL622_15835	13	26	24	2	2	0
FL622_15840	13	27	21	0	0	0
FL622_15845	4	7	9	2	0	1
FL622_15850	2	3	1	16	17	6
FL622_15855	1	5	2	30	20	6
FL622_15860	2	4	0	8	2	3
FL622_15865	1	0	2	1	2	0
FL622_15870	0	1	0	0	1	1
FL622_15875	2	2	1	2	0	0
FL622_15880	1	0	2	2	2	0
FL622_15885	4	6	8	11	7	5
FL622_15890	6	8	9	10	12	3
FL622_15895	1	1	1	0	2	0
FL622_15900	4	0	1	0	0	1
FL622_15905	2	3	2	2	0	1
FL622_15910	1	1	1	0	0	0
FL622_15915	1	1	0	3	0	0
FL622_15920	7	9	5	0	0	1
FL622_15925	4	3	4	1	0	0
FL622_15930	19	31	24	2	7	2
FL622_15935	59	55	41	0	1	0
FL622_15940	126	261	180	3	3	0
FL622_15945	241	519	410	13	1	1
FL622_15950	185	310	224	12	1	0
FL622_15955	256	439	367	16	2	0
FL622_15960	130	225	157	8	1	2
FL622_15965	75	112	88	3	2	0
FL622_15970	30	13	15	1	0	0
FL622_15975	29	41	30	9	0	1
FL622_15980	32	36	36	3	2	2
FL622_15985	33	43	43	8	7	2
FL622_15990	13	7	3	1	0	0
FL622_15995	28	37	38	1	1	0
FL622_16000	45	36	26	1	0	0
FL622_16005	109	157	79	6	2	3
FL622_16020	56	35	26	3	1	0
FL622_16025	71	74	33	14	6	20
FL622_16030	17	22	12	8	3	4
FL622_16035	111	90	51	15	12	20
FL622_16040	278	404	283	63	30	10
FL622_16045	129	220	177	19	2	4
FL622_16050	25	44	52	5	0	1
FL622_16055	56	42	54	4	4	1
FL622_16060	52	49	59	16	6	2
FL622_16065	8	12	9	3	1	0
FL622_16070	10	9	7	1	1	0
FL622_16075	71	69	60	3	0	1
FL622_16080	21	23	27	0	1	0
FL622_16085	3	2	1	0	0	0
FL622_16090	17	28	26	0	0	0
FL622_16095	13	26	20	0	1	0
FL622_16100	100	178	204	11	2	0
FL622_16105	21	38	21	5	0	0
FL622_16110	38	68	39	4	1	0
FL622_16115	1	3	0	0	0	0
FL622_16120	31	38	36	30	3	5
FL622_16125	20	29	22	18	4	2
FL622_16130	6	13	10	14	1	1
FL622_16135	14	17	7	19	5	2
FL622_16140	7	3	4	5	3	0
FL622_16150	3	3	1	6	1	0
FL622_16155	10	12	11	13	3	3
FL622_16160	5	3	3	13	2	0
FL622_16165	6	22	18	34	10	3
FL622_16170	9	15	12	22	7	2
FL622_16175	2	4	1	5	1	0
FL622_16180	1	4	3	1	0	0
FL622_16185	9	3	1	0	2	0
FL622_16190	3	7	4	1	0	0
FL622_16195	6	24	7	3	3	0
FL622_16200	0	2	1	0	0	0
FL622_16205	11	12	8	4	3	2
FL622_16210	2	2	4	0	0	0
FL622_16215	7	8	15	1	2	0
FL622_16220	2	7	1	0	1	0
FL622_16225	13	13	8	1	0	1
FL622_16230	0	0	0	0	0	0
FL622_16235	7	8	9	1	0	0
FL622_16240	19	24	21	3	3	2
FL622_16245	9	20	13	3	3	0
FL622_16250	6	13	5	1	0	1
FL622_16255	19	40	29	0	3	1
FL622_16260	40	37	40	2	1	0
FL622_16265	7	18	8	560	442	151
FL622_16270	14	11	14	1	0	0
FL622_16275	8	11	12	3	0	0
FL622_16280	9	21	11	0	0	0
FL622_16285	10	12	14	1	0	0
FL622_16290	15	13	13	1	0	0
FL622_16295	74	51	47	19	5	2
FL622_16300	19	17	14	1	0	0
FL622_16305	5	1	5	0	0	0
FL622_16310	0	2	5	0	0	0
FL622_16315	71	72	76	4	1	0
FL622_16320	0	2	2	0	0	0
FL622_16325	2	6	8	3	2	1
FL622_16330	2	7	10	1	0	0
FL622_16335	0	3	3	0	0	0
FL622_16340	0	0	1	0	0	0
FL622_16345	6	4	1	2	0	0
FL622_16350	5	7	7	3	0	0
FL622_16355	3	5	2	1	0	0
FL622_16365	24	30	21	3	2	0
FL622_16370	6	9	4	0	0	0
FL622_16375	10	15	13	1	0	0
FL622_16380	7	8	6	0	1	0
FL622_16385	2	9	9	2	0	0
FL622_16390	12	11	14	1	0	0
FL622_16395	13	20	27	0	0	0
FL622_16400	1	2	1	0	0	0
FL622_16405	2	3	1	0	0	0
FL622_16410	6	16	11	0	1	0
FL622_16415	1	3	5	0	0	0
FL622_16420	4	3	1	0	0	0
FL622_16425	8	10	14	1	2	0
FL622_16430	3	14	2	0	0	1
FL622_16435	4	5	0	0	0	0
FL622_16440	37	30	17	2	0	3
FL622_16445	0	2	0	0	0	0
FL622_16450	0	1	1	0	0	0
FL622_16455	12	12	9	2	0	0
FL622_16465	9	21	23	1	0	0
FL622_16470	23	26	27	7	0	0
FL622_16475	15	21	12	5	0	0
FL622_16480	15	32	21	3	1	3
FL622_16485	41	50	37	4	1	4
FL622_16490	21	43	33	5	1	0
FL622_16495	8	11	7	1	0	0
FL622_16500	51	86	57	8	2	2
FL622_16505	3	11	10	2	1	0
FL622_16510	2	5	2	0	0	0
FL622_16515	1	2	0	0	0	0
FL622_16520	1	0	0	0	0	0
FL622_16530	57	43	54	5	0	4
FL622_16535	32	61	42	9	4	4
FL622_16540	8	14	20	2	1	0
FL622_16545	6	17	12	0	0	0
FL622_16550	23	27	19	4	1	0
FL622_16555	3	2	4	3	0	0
FL622_16560	17	2	4	18	1	4
FL622_16565	9	3	7	0	0	0
FL622_16570	11	15	10	5	0	0
FL622_16575	16	22	28	4	1	0
FL622_16580	3	13	4	1	1	0
FL622_16585	29	34	31	1	1	0
FL622_16590	26	43	26	5	6	0
FL622_16595	29	11	15	9	1	0
FL622_16600	8	7	7	5	2	0
FL622_16605	18	18	18	10	6	2
FL622_16610	3	6	2	1	0	0
FL622_16615	49	51	49	86	25	18
FL622_16620	137	179	120	69	80	30
FL622_16625	16	12	20	6	2	0
FL622_16630	70	87	103	16	2	1
FL622_16635	2	2	0	1	0	0
FL622_16640	4	4	1	2	0	0
FL622_16645	6	6	8	0	0	0
FL622_16650	2	2	0	0	0	0
FL622_16655	0	1	0	0	0	0
FL622_16660	8	6	8	11	5	3
FL622_16665	6	8	1	2	1	0
FL622_16670	6	3	3	2	1	0
FL622_16675	4	1	2	1	3	0
FL622_16685	8	3	7	6	1	1
FL622_16690	3	0	2	3	0	0
FL622_16695	4	4	1	2	2	1
FL622_16700	1	3	0	6	1	0
FL622_16705	1	0	1	0	0	1
FL622_16710	2	1	0	4	1	0
FL622_16715	13	11	9	5	2	2
FL622_16720	4	1	4	1	0	0
FL622_16730	1	0	0	0	0	0
FL622_16735	6	4	8	14	3	2
FL622_16740	4	2	1	0	0	0
FL622_16745	2	4	4	4	1	0
FL622_16750	4	4	10	11	6	1
FL622_16755	27	18	33	13	3	2
FL622_16760	0	3	1	0	0	0
FL622_16765	2	1	1	0	2	0
FL622_16770	0	1	0	0	0	0
FL622_16775	5	8	6	0	0	0
FL622_16780	10	7	14	2	0	0
FL622_16785	5	1	6	0	0	0
FL622_16790	14	13	11	1	0	1
FL622_16795	3	6	5	0	0	0
FL622_16800	1	4	3	4	3	0
FL622_16805	3	6	3	0	1	0
FL622_16810	2	4	1	3	0	0
FL622_16815	0	1	1	1	0	0
FL622_16820	8	3	5	1	2	0
FL622_16825	1	4	0	0	0	0
FL622_16830	0	2	2	6	1	0
FL622_16835	11	9	3	8	8	4
FL622_16845	0	0	1	1	0	0
FL622_16850	35	38	56	1	0	0
FL622_16855	248	440	357	1	0	1
FL622_16860	14	7	10	1	1	0
FL622_16865	17	17	10	5	3	5
FL622_16870	9	14	10	0	1	0
FL622_16875	20	35	29	33	27	9
FL622_16880	16	18	9	21	14	6
FL622_16885	2	1	2	1	0	0
FL622_16900	34	75	41	9	3	2
FL622_16905	21	52	38	5	3	2
FL622_16910	44	55	54	10	1	1
FL622_16915	89	177	94	14	2	5
FL622_16920	15	26	18	9	1	2
FL622_16925	86	198	146	27	2	3
FL622_16930	17	56	35	7	4	1
FL622_16935	22	27	25	4	0	0
FL622_16940	42	72	39	6	1	0
FL622_16945	40	50	47	6	3	1
FL622_16950	33	46	40	5	4	0
FL622_16965	34	55	40	3	1	1
FL622_16970	15	25	14	2	2	1
FL622_16975	4	0	6	0	0	0
FL622_16980	7	7	2	3	3	0
FL622_16985	3	4	4	0	1	0
FL622_16990	7	9	7	4	0	0
FL622_17000	12	36	15	0	0	0
FL622_17005	24	38	27	3	0	1
FL622_17010	14	32	17	3	1	1
FL622_17015	42	56	36	4	0	0
FL622_17020	33	58	60	5	4	0
FL622_17025	23	39	22	5	0	0
FL622_17030	26	64	36	1	2	3
FL622_17035	28	79	45	12	3	2
FL622_17040	1	8	3	2	0	0
FL622_17045	9	11	18	3	2	0
FL622_17050	2	1	1	1	0	0
FL622_17055	2	3	0	0	0	0
FL622_17060	0	0	1	0	2	0
FL622_17065	4	6	3	0	0	0
FL622_17070	8	13	9	0	0	2
FL622_17075	25	30	26	1	0	0
FL622_17080	36	37	31	3	2	1
FL622_17085	2	1	1	0	0	0
FL622_17090	0	0	1	0	0	0
FL622_17095	3	2	5	0	0	0
FL622_17100	2	1	0	0	1	0
FL622_17105	1	2	0	0	0	0
FL622_17110	2	3	1	0	0	0
FL622_17115	1	3	2	2	0	0
FL622_17120	0	0	2	0	0	0
FL622_17150	2	0	1	0	0	0
FL622_17155	1	1	6	1	0	0
FL622_17160	0	1	1	1	0	0
FL622_17165	0	1	0	0	0	0
FL622_17170	3	2	2	0	1	0
FL622_17175	0	0	0	0	1	1
FL622_17180	0	1	1	1	2	0
FL622_17190	32	32	32	13	1	3
FL622_17195	667	757	552	70	22	12
FL622_17205	42	51	43	9	8	2
FL622_17215	13	23	15	2	1	1
FL622_17220	26	30	24	1	2	0
FL622_17225	0	1	1	0	1	0
FL622_17230	4	2	4	1	0	0
FL622_17235	9	19	12	7	4	1
FL622_17240	19	38	37	6	2	1
FL622_17245	12	20	19	22	9	5
FL622_17250	21	19	5	13	10	4
FL622_17255	27	36	33	20	9	1